m1: 2326.348883681006
m2: 1378.541586599199
m3: 2.3998830719275595
m4: 1.3374219090200394
m5: 0.5195678352758388
m6: 454.9026288953974
m7: 1.9988314182453637
m8: 1.8860132176548374

R2: 0.9999979508303223
