m1: 2366.7994369399485
m2: 760.8915987687991
m3: 2.811432849291908
m4: 1.1836132414886897
m5: 0.30195931175636553
m6: 792.3957111437971
m7: 1.622102286987722
m8: 1.609291972083701

R2: 0.9999923352784746
