m1: 2326.1938602361197
m2: 1378.696537619212
m3: 2.399841832931558
m4: 1.3374140020326455
m5: 0.5195629976097847
m6: 454.7475088580168
m7: 1.999679471364522
m8: 1.8859917091914784

R2: 0.9999979493357515
