m1: 2487.063278593951
m2: 1262.3239970975253
m3: 2.622938847460312
m4: 1.2421220712030685
m5: 0.22754981085194728
m6: 596.0581103566544
m7: 1.6386399897852402
m8: 1.741457628931562

R2: 0.9999856967415092
