m1: 2439.8599726237658
m2: 841.548658795142
m3: 2.849733847185056
m4: 1.1852371437442293
m5: 0.22362243615042957
m6: 784.6166386649204
m7: 1.7628541683498378
m8: 1.6123269998288445

R2: 0.9999925216835989
