m1: 2259.570973762193
m2: 580.5033466255036
m3: 2.9722575449890876
m4: 1.290927732424419
m5: 0.34782047641641667
m6: 838.9085829966093
m7: 1.487447502126061
m8: 1.7046430725800825

R2: 0.9999727020646352
