m1: 2262.2128558309923
m2: 622.6679411637525
m3: 2.7891311898918034
m4: 1.0892929619353204
m5: 0.23780631508207054
m6: 806.9567477779042
m7: 1.7202214138301977
m8: 1.4919612334582852

R2: 0.9999945488343578
