m1: 2294.138861190784
m2: 700.6755727599741
m3: 2.7694050039460407
m4: 1.1202561649625555
m5: 0.2316213489277592
m6: 780.528564051897
m7: 1.7904369946853984
m8: 1.57201631843684

R2: 0.9999973448580708
