m1: 2376.1146615898087
m2: 1244.917743334048
m3: 2.5818042468432987
m4: 1.2602297809608283
m5: 0.26341167823631795
m6: 543.7499801069641
m7: 2.032114966448914
m8: 1.7654794201867527

R2: 0.9999940281472689
