m1: 2395.727386780067
m2: 1030.9712707159981
m3: 2.6759913054885156
m4: 1.1839501052240977
m5: 0.26659381453893677
m6: 664.7227813156711
m7: 1.8043565434099063
m8: 1.6643986646919873

R2: 0.9999701370680634
