m1: 2359.4038240745062
m2: 591.6073575189082
m3: 3.0069763365212454
m4: 1.1278434061599665
m5: 0.266471939879543
m6: 863.5085514355864
m7: 2.0817837884347243
m8: 1.5577489109119775

R2: 0.9999854994203778
