m1: 2426.15542310164
m2: 1183.1966400053564
m3: 2.6415715767353913
m4: 1.2320911045839502
m5: 0.26578696649127614
m6: 601.2814948932642
m7: 1.9470123266016002
m8: 1.72016203073869

R2: 0.9999947412056499
