m1: 2444.0115622862922
m2: 1403.6370665481206
m3: 2.579111828566086
m4: 1.203348703845129
m5: 0.25953622408074295
m6: 497.7346197764684
m7: 2.081236858741203
m8: 1.7045663513188822

R2: 0.999995910031782
