m1: 2341.5711316499533
m2: 1329.6384955447104
m3: 2.205392907996254
m4: 1.5199987287938392
m5: 0.3609869343692611
m6: 496.387007330781
m7: 1.27828416789287
m8: 2.2007901127702754

R2: 0.9999877385507966
