m1: 2432.0520848270776
m2: 1355.0539522768895
m3: 2.561198659504894
m4: 1.125844121954816
m5: 0.291841115992146
m6: 517.1556881543964
m7: 2.0918688994906915
m8: 1.623632232462344

R2: 0.9999771173389371
