m1: 2378.705809426432
m2: 1217.6094942527714
m3: 2.5113868144616913
m4: 1.1287290644404866
m5: 0.2985446355015833
m6: 561.3323596203168
m7: 2.0775632767681644
m8: 1.6083428217666962

R2: 0.9999755240789435
