m1: 2424.81311011085
m2: 1247.1262159344683
m3: 2.6219375894889208
m4: 1.196576956494148
m5: 0.35757623025141305
m6: 568.3367454072255
m7: 1.985506365727017
m8: 1.7005785398823672

R2: 0.9999934107788148
