m1: 2393.7071569554296
m2: 1464.983563940306
m3: 2.467662516215971
m4: 1.22407846620859
m5: 0.24297002944490714
m6: 444.78025458340636
m7: 2.089536389727471
m8: 1.7738691380065312

R2: 0.9999905326671994
