m1: 2419.156757281495
m2: 1180.6860494316868
m3: 2.5276882597218506
m4: 1.2108481470594508
m5: 0.23933885184146678
m6: 603.2270207343528
m7: 1.7803709032718211
m8: 1.6823126678997289

R2: 0.9999957683687044
