m1: 2426.703017750999
m2: 1168.3513568884314
m3: 2.5455542640127162
m4: 1.2094966782981502
m5: 0.23904332409371165
m6: 613.4247915128376
m7: 1.757802905378638
m8: 1.6848058029523352

R2: 0.999995918748491
