m1: 2356.528447863639
m2: 1255.893453101622
m3: 2.4997539845357726
m4: 1.1512616770121402
m5: 0.2264699514150033
m6: 529.6160389297092
m7: 2.036914549495001
m8: 1.678895411952033

R2: 0.9999969379081567
