m1: 2395.594029957007
m2: 1260.9619947975136
m3: 2.4841174945336784
m4: 1.229165999044639
m5: 0.31542916238412666
m6: 548.1712068030074
m7: 2.0073462269376865
m8: 1.72155971347672

R2: 0.99998161908704
