m1: 2418.976951033823
m2: 1225.9682830673378
m3: 2.6909234395399113
m4: 1.1917478949977378
m5: 0.26704386921683804
m6: 574.0825888714023
m7: 2.1058608911903383
m8: 1.6880807818760661

R2: 0.9999955166161698
