m1: 2370.781167118035
m2: 1020.4525566271985
m3: 2.6589534897647593
m4: 1.1241950982564592
m5: 0.37340259636808887
m6: 655.5551167190955
m7: 1.9838023065017552
m8: 1.6078646405230612

R2: 0.9999673781247488
