m1: 2450.874166717205
m2: 878.5549018329937
m3: 2.925632135853968
m4: 1.1225028828799597
m5: 0.23092232558529344
m6: 772.7360179824865
m7: 1.66943086345047
m8: 1.5844684977788284

R2: 0.9999925243262936
