m1: 2405.589397522318
m2: 862.1995506580374
m3: 2.813555661374065
m4: 1.1202402857197036
m5: 0.2315630340086473
m6: 756.8061534441839
m7: 1.764836626175463
m8: 1.553348834542455

R2: 0.9999942871667789
