m1: 2405.588742956139
m2: 862.1887167869244
m3: 2.8135673130079017
m4: 1.1202389021973538
m5: 0.23156299871182645
m6: 756.8113039018301
m7: 1.7648371175721054
m8: 1.553346146783436

R2: 0.9999942871650823
