m1: 2326.6339747699203
m2: 1378.4430220947331
m3: 2.399887073969898
m4: 1.3374647012036012
m5: 0.5195754943970219
m6: 455.09502623306815
m7: 1.9973728142581835
m8: 1.8861233331127816

R2: 0.9999979537599658
