m1: 2296.9634136993764
m2: 771.7908425980074
m3: 2.7396471735424273
m4: 1.3435825984281218
m5: 0.3601803953616443
m6: 749.2374991847367
m7: 1.6519541471106627
m8: 1.7700949517659428

R2: 0.9999899817306591
