m1: 2412.705154149475
m2: 1384.8556139287318
m3: 2.146009732978056
m4: 1.4707817914309493
m5: 0.30119364767168216
m6: 512.6718017226991
m7: 1.1587139008389624
m8: 2.127034213378497

R2: 0.9999792173258485
