m1: 2357.2077037499153
m2: 1061.5379738358104
m3: 2.6614676585326897
m4: 1.2132733753226446
m5: 0.24330196839898502
m6: 624.4286216137506
m7: 2.1347496762406784
m8: 1.7080600515992128

R2: 0.9999964238939077
