m1: 2361.6641632482597
m2: 1112.529013783612
m3: 2.3188026155286083
m4: 1.3620687118327321
m5: 0.2338048483112118
m6: 626.3002454220364
m7: 1.2517264164579243
m8: 1.8826752648386254

R2: 0.9999764429691695
