m1: 2229.020625418584
m2: 1317.4471109774654
m3: 2.1238360723001897
m4: 1.4343426345981412
m5: 0.3166144042449055
m6: 445.8860391505507
m7: 1.4048693769861973
m8: 2.03649597495408

R2: 0.999995194537377
