m1: 2432.0781884157327
m2: 1258.1351355677193
m3: 2.597943964215102
m4: 1.1535828087434572
m5: 0.23263326900045686
m6: 566.8977497620687
m7: 2.034870451719741
m8: 1.6236571926199148

R2: 0.9999960112861833
