m1: 2389.046814244888
m2: 828.2697655050448
m3: 2.8854150904811533
m4: 1.0870448019820897
m5: 0.23329577026784443
m6: 759.9433392841927
m7: 2.061001342592285
m8: 1.5061589110155733

R2: 0.9999917137139742
