m1: 2313.3064220195934
m2: 384.57719970394237
m3: 3.738866918466898
m4: 1.132673539872648
m5: 0.2511518341234066
m6: 955.2916963355917
m7: 1.7230839646589244
m8: 1.542348532645077

R2: 0.9999966150327207
