m1: 2303.2972153726423
m2: 321.1899779567589
m3: 4.067062890283858
m4: 1.115804136033463
m5: 0.24555798802090292
m6: 983.1318371502202
m7: 1.7461622306587417
m8: 1.5327015321810997

R2: 0.9999961960553323
