m1: 2430.7442609085124
m2: 1362.615654994499
m3: 2.6496623322236434
m4: 1.2077395089370038
m5: 0.26609578439822906
m6: 510.8699118791094
m7: 2.154946739405427
m8: 1.7263942320685617

R2: 0.9999965606114378
