m1: 2218.3391769483046
m2: 575.1717092937965
m3: 2.7816979981959897
m4: 1.3628305411923587
m5: 0.2672612644064874
m6: 819.4579497243936
m7: 1.5011094556998612
m8: 1.7744213079239004

R2: 0.9999955629295495
