m1: 2170.3353275634536
m2: 287.5936368978954
m3: 3.6455259511164235
m4: 1.2940980543157676
m5: 0.26429056821994296
m6: 939.2051179373412
m7: 1.6166534547928246
m8: 1.696392646672218

R2: 0.9999921771539461
