m1: 2451.578399022707
m2: 1368.986395247404
m3: 2.6477700396567423
m4: 1.251809742024803
m5: 0.26136049698455005
m6: 519.1638572897034
m7: 2.106411362962364
m8: 1.7630616310029956

R2: 0.9999897794159265
