m1: 2335.551020337866
m2: 617.8087493876502
m3: 3.0242125831352573
m4: 1.1988486642567373
m5: 0.31975176799610194
m6: 848.2683742810281
m7: 1.6677519728051704
m8: 1.6022092633048526

R2: 0.9999948877635748
