m1: 2339.5831194840875
m2: 394.07502873479035
m3: 4.293249405196934
m4: 1.1655390237277754
m5: 0.31390669226750617
m6: 966.2530885417075
m7: 1.6556872722271672
m8: 1.5696274915380726

R2: 0.99999359038635
