m1: 2329.0307783602507
m2: 601.7282181218058
m3: 2.986265124304411
m4: 1.1468111146522695
m5: 0.3816157389048456
m6: 847.7801296771397
m7: 1.8926545173949656
m8: 1.5578109639770168

R2: 0.9999891980726417
