m1: 2431.401276768569
m2: 902.6049452820504
m3: 2.769775582471653
m4: 1.2399412781371502
m5: 0.37603637104701654
m6: 752.3700432362338
m7: 1.635467513510039
m8: 1.6628657220976126

R2: 0.9999430195424037
