m1: 2380.9153417284683
m2: 1206.2955641471221
m3: 2.6250397217210777
m4: 1.1605314596417853
m5: 0.20696520824644
m6: 565.9153892803554
m7: 1.9626413592770542
m8: 1.6343601278788247

R2: 0.9999904958404958
