m1: 2455.6291942927683
m2: 1156.3877909783232
m3: 2.639960353808037
m4: 1.177277569981854
m5: 0.2328411148469581
m6: 631.2877844764148
m7: 1.8346433460647267
m8: 1.66710009742541

R2: 0.999997169396987
