m1: 2457.086310044916
m2: 1159.7771785355671
m3: 2.6386505722697207
m4: 1.177549923439357
m5: 0.23285031189501598
m6: 630.3121900408597
m7: 1.8337792945657054
m8: 1.669048603294822

R2: 0.9999971797762548
