m1: 2456.3067623076677
m2: 1157.957132005667
m3: 2.639357158792929
m4: 1.1774040004467716
m5: 0.2328453241391475
m6: 630.8375931235372
m7: 1.834233013009653
m8: 1.6680033495757955

R2: 0.999997175103407
