m1: 2454.6275260943717
m2: 1154.0227153321423
m3: 2.640879080945852
m4: 1.1770850248863312
m5: 0.2328348988735582
m6: 631.9759089686167
m7: 1.8352539832594619
m8: 1.6657543386100102

R2: 0.9999971581553616
