m1: 2455.0702687174467
m2: 1155.0670875272526
m3: 2.640474317418627
m4: 1.1771702779034912
m5: 0.23283761861555916
m6: 631.6722920617162
m7: 1.8349805535954007
m8: 1.666348450449247

R2: 0.9999971635342717
