m1: 2454.2883731774496
m2: 1153.2200257323566
m3: 2.6411904206241834
m4: 1.177019289474158
m5: 0.23283282869115574
m6: 632.2098119995201
m7: 1.835465334836938
m8: 1.6652988620680802

R2: 0.9999971535941264
