m1: 2454.0352282484764
m2: 1152.6083513140097
m3: 2.641431147510668
m4: 1.1769690759795022
m5: 0.2328312411783956
m6: 632.3907356136599
m7: 1.8356195330690144
m8: 1.6649554007070055

R2: 0.9999971499352374
