m1: 2453.8485948714224
m2: 1152.1821066408456
m3: 2.641591292297123
m4: 1.1769341293013769
m5: 0.23283017525164576
m6: 632.5116047656314
m7: 1.8357439234081414
m8: 1.664709611215298

R2: 0.9999971471121439
