m1: 2326.1692696711093
m2: 703.5677361454407
m3: 2.9632579205294007
m4: 1.1369213639160607
m5: 0.2126149069822008
m6: 795.0014350595044
m7: 1.7964645870992682
m8: 1.5572432337799644

R2: 0.9999883390428741
