m1: 2432.8946486456957
m2: 1385.2778482287067
m3: 2.52640848014569
m4: 1.1663016754214617
m5: 0.37125669172108616
m6: 503.81088944847403
m7: 2.009995676801537
m8: 1.7293403936153202

R2: 0.9999823392155107
