m1: 2433.1647985117124
m2: 1498.9364300861873
m3: 2.4244071260785094
m4: 1.206304127648081
m5: 0.2924284019474105
m6: 448.3015785408104
m7: 1.9747741731441042
m8: 1.7704308133184643

R2: 0.9999954787646058
