m1: 2359.49603528758
m2: 1097.1381852695947
m3: 2.6313935678700675
m4: 1.1834255980618558
m5: 0.2565839800044086
m6: 609.6134982348202
m7: 2.0306498488890132
m8: 1.6601864513468139

R2: 0.9999888061907066
