m1: 2247.6763122141624
m2: 607.9389228032356
m3: 2.7718963067104228
m4: 1.2147531858504084
m5: 0.3053184562262765
m6: 806.3593146534206
m7: 1.725880392169252
m8: 1.6280993023161707

R2: 0.9999969676653653
