m1: 2423.886119006093
m2: 1156.3095895934723
m3: 2.677616325959842
m4: 1.219858449896407
m5: 0.37602832551411497
m6: 612.7190163599387
m7: 1.9632628947944688
m8: 1.7206685046656371

R2: 0.9999868733389382
