m1: 2342.768234050491
m2: 846.0134285565571
m3: 2.6993613094007483
m4: 1.1937085330778394
m5: 0.31972134498585075
m6: 732.1097104064106
m7: 1.8292772349483273
m8: 1.6376531163742012

R2: 0.999995979844312
