m1: 2342.134439161696
m2: 874.4273282464248
m3: 2.6857481960576126
m4: 1.1922845356673892
m5: 0.32153008657749654
m6: 716.6735781524497
m7: 1.8496710936446048
m8: 1.643708785307381

R2: 0.9999958444572561
