m1: 2352.4587190390353
m2: 1113.814821213395
m3: 2.6899845420575854
m4: 1.2182799264003548
m5: 0.28974337813030476
m6: 594.8964897360489
m7: 2.2174710814219627
m8: 1.7016316096684214

R2: 0.9999961235856059
