m1: 2459.095705106285
m2: 1514.4960006858653
m3: 2.520871594771595
m4: 1.1807988867685282
m5: 0.2865471395789404
m6: 450.3499143803955
m7: 2.036728331575209
m8: 1.7254120669402446

R2: 0.9999940535522636
