m1: 2417.3531856335453
m2: 1081.884514964293
m3: 2.6583630028554124
m4: 1.197665299076677
m5: 0.26863415164779686
m6: 647.2906762747336
m7: 2.0125936863337035
m8: 1.6751101888811484

R2: 0.9999962220327245
