m1: 2461.3887430653103
m2: 1136.7335282031643
m3: 2.675777837464475
m4: 1.1604689208992252
m5: 0.19055004286156588
m6: 645.1845797185081
m7: 1.786401563888685
m8: 1.62070007490327

R2: 0.9999950265412091
