m1: 2456.269158718802
m2: 1179.406756524926
m3: 2.652251296691693
m4: 1.1651531678462619
m5: 0.19062395575103108
m6: 621.1194024609446
m7: 1.786309026206216
m8: 1.631135090091229

R2: 0.9999938385842279
