m1: 2226.1132842261222
m2: 267.8000000000001
m3: 3.927577513477255
m4: 1.2628465453494715
m5: 0.2544559902190355
m6: 976.2983346268173
m7: 1.641628950768408
m8: 1.6809052641777782

R2: 0.9999885453951256
