m1: 2222.533862950322
m2: 351.01984113309163
m3: 3.260381246373801
m4: 1.3052487481422541
m5: 0.24822168309579004
m6: 933.4756186742221
m7: 1.613439989548662
m8: 1.700333957618196

R2: 0.999993729952236
