m1: 2433.6987512713117
m2: 1009.3655136670124
m3: 2.7757015979494732
m4: 1.1471778557742291
m5: 0.20194631392502074
m6: 695.689880318104
m7: 1.752086922794879
m8: 1.598612084407898

R2: 0.999994132725207
