m1: 2433.6988038243126
m2: 1009.3655788223253
m3: 2.775701623572777
m4: 1.1471778727688247
m5: 0.20194631248302816
m6: 695.6898757717769
m7: 1.7520867932752526
m8: 1.5986121287392612

R2: 0.99999413272528
