m1: 2461.04259317382
m2: 604.6460890504997
m3: 3.5641880438857916
m4: 1.0757473305522551
m5: 0.2004290928431145
m6: 914.6989928488243
m7: 1.7410533456253128
m8: 1.5327916544041158

R2: 0.999986366824871
