m1: 2398.931342373049
m2: 956.9477571351363
m3: 2.702675606499755
m4: 1.1927312710233144
m5: 0.3767081738044158
m6: 704.5039261839337
m7: 1.8374126818880838
m8: 1.6303549479400854

R2: 0.9999904765801375
