m1: 2360.7745545899343
m2: 478.44846192320966
m3: 3.388768989035797
m4: 1.0688965793370078
m5: 0.38102492019744677
m6: 923.2379463026186
m7: 1.961733984572475
m8: 1.5264992378291238

R2: 0.9999847352559567
