m1: 2402.824325160777
m2: 965.6640278518912
m3: 2.700636616864239
m4: 1.1799135919648762
m5: 0.2674805964172823
m6: 702.2687988246869
m7: 1.8165697314477531
m8: 1.6365524506337377

R2: 0.9999760509288953
