m1: 2411.3861827403657
m2: 848.2041454670758
m3: 2.885641631666228
m4: 1.1726022036598645
m5: 0.266478290046824
m6: 766.9153725307468
m7: 1.747319295103843
m8: 1.6096714572169282

R2: 0.9999880547507735
