m1: 2433.604892447219
m2: 1120.3630028853395
m3: 2.6440453143053873
m4: 1.2319893370017123
m5: 0.2489973560782812
m6: 636.6047067320435
m7: 1.9421597470912348
m8: 1.7136635318173863

R2: 0.9999956597676231
