m1: 2393.3047165973253
m2: 787.2002420974314
m3: 2.8531481764578324
m4: 1.1736311911684882
m5: 0.24981290153654512
m6: 782.6293391891828
m7: 2.0185328306353196
m8: 1.619442069565066

R2: 0.9999920937076279
