m1: 2333.146289594759
m2: 535.6000000199629
m3: 3.125454539999695
m4: 1.2120431556080438
m5: 0.23572001667850498
m6: 882.8749415388897
m7: 1.821669853635116
m8: 1.6343097255296828

R2: 0.9999922571512546
