m1: 2378.7337448943135
m2: 1250.523438095289
m3: 2.595063620391261
m4: 1.1249539789388785
m5: 0.25428672014614556
m6: 541.4592670286515
m7: 2.0847329640158283
m8: 1.6161438603391276

R2: 0.9999882190013757
