m1: 2285.742732963914
m2: 730.1696331663279
m3: 2.698943451332419
m4: 1.3593575882801623
m5: 0.2612905698796652
m6: 776.13650694507
m7: 1.437205024960501
m8: 1.8086006180950003

R2: 0.9999945798448908
