m1: 2281.8766313505403
m2: 683.1729902325321
m3: 2.779311453161691
m4: 1.358764912785584
m5: 0.25598619504639547
m6: 798.4334096542203
m7: 1.442439024370073
m8: 1.8000638439423695

R2: 0.9999944305567791
