m1: 2285.7419037604604
m2: 730.164693052389
m3: 2.698949988916964
m4: 1.3593567617172613
m5: 0.26129055945675383
m6: 776.1385648529932
m7: 1.4372067619624282
m8: 1.8085989770894908

R2: 0.999994579834567
