m1: 2414.3534771727177
m2: 1338.6932799764895
m3: 2.633555062627756
m4: 1.261491838057985
m5: 0.29199196415702267
m6: 514.4913239940108
m7: 2.0864155694876203
m8: 1.7833159859972845

R2: 0.9999938974189864
