m1: 2389.4622594616676
m2: 1273.4503413590942
m3: 2.583976401824196
m4: 1.1614790703197384
m5: 0.20495294215711404
m6: 535.0571366608441
m7: 2.225539592851876
m8: 1.6523686346280038

R2: 0.9999909054041414
