m1: 2449.2526620159188
m2: 973.6929382551609
m3: 2.8354816913738023
m4: 1.208164164307055
m5: 0.2004132058730994
m6: 722.2092356997387
m7: 1.7091881721528484
m8: 1.6559564964361837

R2: 0.9999841014236128
