m1: 2550.062535225388
m2: 1460.577178506817
m3: 2.5057336073814893
m4: 1.259554004118428
m5: 0.20036066154695975
m6: 527.4585090193967
m7: 1.6718860037001348
m8: 1.8895802934451094

R2: 0.999947247276298
