m1: 2395.3010195738875
m2: 962.6608251330106
m3: 2.6847275338768593
m4: 1.1830804935676775
m5: 0.21610622795480716
m6: 696.3215457858713
m7: 1.9041288613942777
m8: 1.6630668137747855

R2: 0.9999870151890836
