m1: 2433.362265024741
m2: 1541.8878219650298
m3: 2.4596366527542206
m4: 1.2521365308706132
m5: 0.29858796552284766
m6: 426.9424250720976
m7: 2.041964078441892
m8: 1.8292726792525213

R2: 0.9999895070280947
