m1: 2328.4837459049095
m2: 1376.4148812776598
m3: 2.4004147894143326
m4: 1.33758193283894
m5: 0.5196201712476903
m6: 457.0394578319857
m7: 1.9869234052515223
m8: 1.8862793557183575

R2: 0.9999979695052136
