m1: 2358.946128187958
m2: 1198.5550537791348
m3: 2.558504571153141
m4: 1.1885304996441348
m5: 0.24209292770325744
m6: 559.847414363579
m7: 1.9400122219727491
m8: 1.6752963320230798

R2: 0.9999953970010509
