m1: 2248.0910578107337
m2: 267.8003272272771
m3: 4.097180003217151
m4: 1.2883369924403147
m5: 0.22678272005670605
m6: 988.8706711495428
m7: 1.6300710735226374
m8: 1.6971521180607236

R2: 0.9999917141126212
