m1: 2245.027954474855
m2: 440.41799618052016
m3: 2.9615491224131087
m4: 1.3465621782434327
m5: 0.23094929277800877
m6: 900.1388585706792
m7: 1.5965237035802744
m8: 1.7184601986204935

R2: 0.9999941620870851
