m1: 2401.9338883017667
m2: 1129.8155122394019
m3: 2.5816277758119655
m4: 1.2577472153069331
m5: 0.3886428892785647
m6: 617.8516745463759
m7: 1.7957081488165938
m8: 1.7711197285326443

R2: 0.999979215190967
