m1: 2419.7435053005374
m2: 1219.203227847833
m3: 2.6776056423978933
m4: 1.194753950228478
m5: 0.2704583844162676
m6: 578.429690792438
m7: 2.0911254251071125
m8: 1.6957856332754282

R2: 0.9999970170814891
