m1: 2328.0413286846865
m2: 1378.3696446648023
m3: 2.3996628070386667
m4: 1.337796340339762
m5: 0.5195998542970166
m6: 455.8424507977811
m7: 1.9900095958621435
m8: 1.8867707296595035

R2: 0.9999979676990126
