m1: 2282.088414547418
m2: 430.3325442228391
m3: 3.430972559801594
m4: 1.2305733100973097
m5: 0.30941072669707864
m6: 915.4039131256062
m7: 1.71900386853606
m8: 1.6267971955267941

R2: 0.9999926256838594
