m1: 2344.5825860551454
m2: 803.4000000001977
m3: 2.628920081060549
m4: 1.269416909283582
m5: 0.31530699752042196
m6: 757.0614399731209
m7: 1.6886256930471237
m8: 1.7328202993094244

R2: 0.9999825345108484
