m1: 2426.030460938146
m2: 1464.1070646882215
m3: 2.4704669386643974
m4: 1.151117703199192
m5: 0.29622910500377936
m6: 461.4796611010215
m7: 2.1131160692101827
m8: 1.6971503873454914

R2: 0.9999867605334823
