m1: 2260.9650870290707
m2: 664.6554092086114
m3: 2.1130960687544698
m4: 1.7596026633484052
m5: 0.22020256255642173
m6: 790.7759646918095
m7: 1.0477181716684227
m8: 2.6087999999997544

R2: 0.9999026971909928
