m1: 9419.988842497123
m2: 1629.268124296655
m3: 1.5138082924085097
m4: 1.988556391713518
m5: 0.22222089370757558
m6: 3884.3034583381127
m7: 2.853533364300854
m8: 3.688137737947651

R2: 0.9999687893331611
