m1: 2452.0073083169646
m2: 1417.229921981031
m3: 2.4856649980107686
m4: 1.240471514413948
m5: 0.24380136850798026
m6: 497.45743819484545
m7: 2.026461348054623
m8: 1.7967607473199063

R2: 0.9999856602876048
