m1: 2394.8824630201243
m2: 1167.1405189422844
m3: 2.65543954035296
m4: 1.2124355793615649
m5: 0.1642109014881389
m6: 592.840654778954
m7: 1.891796184493314
m8: 1.6912799258315923

R2: 0.9999800940699083
