m1: 2342.4142797147288
m2: 1136.4577873457326
m3: 2.653371800490361
m4: 1.2304858813335786
m5: 0.29082662104835194
m6: 579.2332742081476
m7: 2.194960983722516
m8: 1.7106419047893677

R2: 0.9999968435187586
