m1: 2438.3700281737874
m2: 1380.0484589698315
m3: 2.583858554649835
m4: 1.2592165958125139
m5: 0.2729619107644752
m6: 506.77503222893745
m7: 2.114492125161066
m8: 1.79307495143276

R2: 0.9999878479441363
