m1: 2422.961485677649
m2: 1418.8732525664675
m3: 2.5407631050963784
m4: 1.1893405604498692
m5: 0.21538349525808786
m6: 480.964848463411
m7: 2.1309821297496234
m8: 1.7127661742957365

R2: 0.9999968474296284
