m1: 2357.059353921235
m2: 1240.4458622739776
m3: 2.5862485226774337
m4: 1.2520707937190743
m5: 0.2620892404905088
m6: 535.871846078846
m7: 2.11941854423679
m8: 1.7435251793556106

R2: 0.9999945039992773
