m1: 2428.18650609451
m2: 1341.06251699709
m3: 2.4953360651683067
m4: 1.2201773278351593
m5: 0.3637944347379874
m6: 525.0266214890079
m7: 1.8364878375715548
m8: 1.7692487088002418

R2: 0.9999822912070404
