m1: 2419.3042020052276
m2: 1466.985743550055
m3: 2.4496230451375633
m4: 1.2505498031097484
m5: 0.3623052772127964
m6: 457.7962658189792
m7: 1.9410806068935815
m8: 1.8100013003813336

R2: 0.9999928489148918
