m1: 2365.832959666442
m2: 736.8160566443233
m3: 2.9306376768014766
m4: 1.200680085009236
m5: 0.2733568213703555
m6: 804.2105404164863
m7: 1.624553157258468
m8: 1.6374157668776521

R2: 0.9999903569597055
