m1: 2417.3758693424134
m2: 1426.7746716754332
m3: 2.6084738348683723
m4: 1.1856031157239806
m5: 0.25608694117699704
m6: 472.63893095882395
m7: 2.177152890419255
m8: 1.7017914793274906

R2: 0.9999936760903806
