m1: 2424.272073073894
m2: 1433.6672504906062
m3: 2.4215737691802808
m4: 1.2821582429343996
m5: 0.30270924123802107
m6: 476.23130350802734
m7: 2.0087541549416783
m8: 1.8165327701213057

R2: 0.9999859367223913
