m1: 2355.659744574209
m2: 1304.5462250229318
m3: 2.570322459300122
m4: 1.167441952152153
m5: 0.19553906006598226
m6: 502.82080038862745
m7: 2.1469012697133123
m8: 1.6779193420822678

R2: 0.9999951186536935
