m1: 2268.5310337445376
m2: 267.8029311607717
m3: 3.2194652693319115
m4: 1.1843994372931037
m5: 0.3614584110895084
m6: 984.7774849488583
m7: 2.013112050125461
m8: 1.5519465243658075

R2: 0.9999425052873722
