m1: 2289.3523939314678
m2: 310.9344205628402
m3: 3.714810025041158
m4: 1.1540696953603746
m5: 0.36392585303289704
m6: 973.9641566229672
m7: 1.942933293191886
m8: 1.5776935681732478

R2: 0.9999842835984376
