m1: 2064.8239089387334
m2: 879.9243695095662
m3: 1.8386752262042498
m4: 1.7464381393823618
m5: 0.217612883249793
m6: 583.0011087845604
m7: 1.1111651982343664
m8: 2.4595326931041104

R2: 0.9999972465187007
