m1: 2078.062274220126
m2: 965.6604948097447
m3: 1.778476646119744
m4: 1.7645049751920852
m5: 0.2169761866909574
m6: 546.5479076947028
m7: 1.1032590941140306
m8: 2.516324162031204

R2: 0.9999973286697164
