m1: 2346.333646997734
m2: 1025.5644815554356
m3: 2.6192549895855954
m4: 1.2271353668537328
m5: 0.24578173898990707
m6: 639.0414014440153
m7: 2.0482295572188556
m8: 1.7016662413504373

R2: 0.9999965562329003
