m1: 2437.435994723353
m2: 1454.418882725648
m3: 2.528272891292087
m4: 1.2165618680693637
m5: 0.23043353413622986
m6: 469.467265225498
m7: 2.0913410993078516
m8: 1.7467468292796242

R2: 0.9999909160959548
