m1: 2321.1870703507834
m2: 403.3377351257022
m3: 3.416019725782599
m4: 1.1322464624984945
m5: 0.3643311400969717
m6: 940.7355761343979
m7: 2.0090326056838657
m8: 1.5853219572885078

R2: 0.9999398831381654
