m1: 2401.222552401801
m2: 806.6586236909558
m3: 2.9118771834983144
m4: 1.2457152846418218
m5: 0.36003829920985025
m6: 780.8050714192193
m7: 1.8060639520294868
m8: 1.694329977142193

R2: 0.9999890451533532
