m1: 2234.096321927903
m2: 300.9128298237788
m3: 3.8331504926506033
m4: 1.2349241892796212
m5: 0.18783384457028712
m6: 966.7292986308332
m7: 1.5776710676247425
m8: 1.6918318892675062

R2: 0.9999777110276378
