m1: 2205.383761863814
m2: 433.6102872326352
m3: 3.0058441031550225
m4: 1.3093715551239886
m5: 0.1911708715381547
m6: 885.5919172334532
m7: 1.5621105583664785
m8: 1.688890692966984

R2: 0.9999911543003062
