m1: 2326.1966502865403
m2: 1378.6952883016925
m3: 2.399842077146139
m4: 1.3374143459573014
m5: 0.5195630686370585
m6: 454.7495338938483
m7: 1.9996652773654935
m8: 1.885992735427333

R2: 0.9999979493652176
