m1: 2422.429565471045
m2: 1374.875254005115
m3: 2.5928298191564627
m4: 1.269925411685985
m5: 0.29273390620500284
m6: 501.42106389940903
m7: 2.066267285441683
m8: 1.8090023095337526

R2: 0.999996019583807
