m1: 2304.6936003439027
m2: 1216.2189421573073
m3: 2.4914628543140376
m4: 1.2392426180306337
m5: 0.30840773689353956
m6: 523.6040520360176
m7: 2.059233657045346
m8: 1.7080898980209125

R2: 0.999996671274865
