m1: 2356.9193612012746
m2: 1228.863560987307
m3: 2.578549014347543
m4: 1.211946493986341
m5: 0.3665302825040236
m6: 542.3068159248767
m7: 2.0942044183795487
m8: 1.679248396914147

R2: 0.9999845557640841
