m1: 2222.2773414833805
m2: 671.3168154630706
m3: 2.590227176924603
m4: 1.3233180765727275
m5: 0.3769003525913905
m6: 772.9850710566157
m7: 1.5221377079354617
m8: 1.7222389283808606

R2: 0.9999920365519419
