m1: 2026.9969913333287
m2: 548.697867584864
m3: 2.295044486404647
m4: 1.1398599883999805
m5: 0.38761726240458483
m6: 729.7645671373404
m7: 2.1999112113645367
m8: 1.6280455363609387

R2: 0.9998868941576801
