m1: 2441.7906289253588
m2: 1117.370927694211
m3: 2.6877934297690973
m4: 1.158301841829808
m5: 0.24351317134045866
m6: 644.157242063473
m7: 1.8125316936469487
m8: 1.6348510896826234

R2: 0.9999970798495301
