m1: 2444.9622202617506
m2: 1136.7493032057776
m3: 2.6809764386443957
m4: 1.160014466874731
m5: 0.2435913346642009
m6: 635.9645511736782
m7: 1.8096216091382233
m8: 1.642633113633059

R2: 0.9999970884613163
