m1: 2339.779925325016
m2: 837.6137257458715
m3: 2.71322768482844
m4: 1.2118395199877872
m5: 0.24778208207377522
m6: 731.0990427622986
m7: 1.9454728037739641
m8: 1.6742474435721635

R2: 0.9999969199107679
