m1: 2360.8179619009884
m2: 1060.734686680446
m3: 2.631313176513059
m4: 1.2105673004986923
m5: 0.25652919821805725
m6: 627.1694765909552
m7: 2.111407302899392
m8: 1.7063447648545522

R2: 0.9999965515811631
