m1: 2341.51041257938
m2: 1166.4895227283082
m3: 2.544212714236798
m4: 1.236791683277725
m5: 0.36891184474942407
m6: 568.0098884126214
m7: 1.9172058858072496
m8: 1.696935795425686

R2: 0.9999882187675738
