m1: 2436.2389986271983
m2: 1487.8572452058534
m3: 2.461922187336485
m4: 1.2960944854349288
m5: 0.2629983909926716
m6: 454.3093205934354
m7: 2.036172291420028
m8: 1.8401076296417989

R2: 0.9999964438502819
