m1: 2456.158668212284
m2: 1317.6783024481954
m3: 2.5989636773383906
m4: 1.2023861978939479
m5: 0.3283758802885142
m6: 547.4996935365576
m7: 2.075406727928571
m8: 1.699054990949051

R2: 0.9999968964597536
