m1: 2439.895244379305
m2: 982.1371803661647
m3: 2.7755575830607087
m4: 1.1459352289614877
m5: 0.23279920121039982
m6: 709.9351301655586
m7: 1.8742110599080417
m8: 1.6069375430747987

R2: 0.9999964170774348
