m1: 2521.601073069465
m2: 1062.3475921678753
m3: 2.865373022589718
m4: 1.1577409322525782
m5: 0.23222690002793975
m6: 712.050412914452
m7: 1.6962580118421395
m8: 1.6775176027944163

R2: 0.9999906636898317
