m1: 2407.5008352055543
m2: 1035.777214035987
m3: 2.7390148040562203
m4: 1.2295178392933923
m5: 0.22427038622056225
m6: 666.7906933462991
m7: 1.830597652759849
m8: 1.694682152056186

R2: 0.9999955530673914
