m1: 2412.263080305733
m2: 939.0017018297289
m3: 2.8130178629125586
m4: 1.2232082034913359
m5: 0.22205276664426085
m6: 718.969570456496
m7: 1.7989806271668638
m8: 1.673141240340073

R2: 0.9999957654698769
