m1: 4234.251747045602
m2: 1632.6559026080188
m3: 1.5115377446073441
m4: 2.0036232236947322
m5: 0.24856741488231276
m6: 1289.659331789122
m7: 3.5363999945804805
m8: 3.367024762776144

R2: 0.9999269452958905
