m1: 4235.424021918178
m2: 1634.0129599383213
m3: 1.5098173331084626
m4: 2.0050191514195204
m5: 0.2478360875099046
m6: 1289.6593445426279
m7: 3.53639522969655
m8: 3.3682987653145835

R2: 0.9999280631669308
