m1: 2364.05261637262
m2: 535.6000000023761
m3: 2.3497799097608585
m4: 1.7222487973571219
m5: 0.24535023851901816
m6: 907.4959634881995
m7: 1.0587477933123266
m8: 2.6087999999999996

R2: 0.9997611924345762
