m1: 21154.37805774043
m2: 1689.3533372198078
m3: 1.482382266561674
m4: 2.0308861184948945
m5: 0.24610073549689906
m6: 9722.077701684759
m7: 5.082263803247234
m8: 3.5405442509169474

R2: 0.9999650677882931
