m1: 2326.227428145878
m2: 1378.665807125062
m3: 2.3998500303347248
m4: 1.3374158185366756
m5: 0.5195641162578262
m6: 454.77966676797723
m7: 1.999499413530769
m8: 1.8859976680161143

R2: 0.9999979496651494
