m1: 2362.3601271085545
m2: 897.0310636682452
m3: 2.734334541565961
m4: 1.2203889158211205
m5: 0.1962170554489818
m6: 714.9115695407976
m7: 1.7899530114270892
m8: 1.666375824304467

R2: 0.9999851867575912
