m1: 2218.611812012221
m2: 267.80000000000945
m3: 3.6127911470724774
m4: 1.0962462089848413
m5: 0.27997864007038714
m6: 977.990625124227
m7: 1.6288602637939436
m8: 1.5049763148559427

R2: 0.9999811546959274
