m1: 2419.20282271635
m2: 803.3999999825454
m3: 3.189686846266294
m4: 1.2876707917054688
m5: 0.2200419820603437
m6: 829.3289773988192
m7: 1.1624844417555915
m8: 1.796170620736188

R2: 0.9999474947977559
