m1: 2397.772359779631
m2: 1147.0240172270192
m3: 2.68341495964513
m4: 1.1836605565592186
m5: 0.2568153851164623
m6: 604.0815608085935
m7: 2.0725563623113015
m8: 1.6685914680050318

R2: 0.9999950039282418
