m1: 2401.322755771875
m2: 1154.955300925878
m3: 2.6246299463165292
m4: 1.189262953977954
m5: 0.21292957264420684
m6: 600.8185646333555
m7: 2.0457213501587246
m8: 1.6873137734044525

R2: 0.9999894202067658
