m1: 2346.8936504089024
m2: 888.7120085199798
m3: 2.6670924523784794
m4: 1.1772323052101452
m5: 0.32853074871841476
m6: 716.624726930069
m7: 1.6286639975475241
m8: 1.6487769808800483

R2: 0.9999936080862014
