m1: 2444.633477783468
m2: 938.6548384183283
m3: 2.8599357642511474
m4: 1.1129635272815854
m5: 0.2621469139545595
m6: 738.2965433660503
m7: 1.725027028813519
m8: 1.5521674365102438

R2: 0.9999862631973134
