m1: 2507.8048875624786
m2: 647.1988102834791
m3: 3.6576732839290256
m4: 1.0446850113847101
m5: 0.2611180544786472
m6: 918.2847066567025
m7: 1.6832428866672953
m8: 1.536056102634915

R2: 0.999963886872462
