m1: 2364.0729740644806
m2: 715.7530407417072
m3: 2.9011471936964845
m4: 1.1916055743274327
m5: 0.20700284942950473
m6: 809.964143349271
m7: 1.779299843242521
m8: 1.6091180964031235

R2: 0.9999898284406287
