m1: 2430.631304691519
m2: 1073.6311545238275
m3: 2.690238976572447
m4: 1.2417715854720577
m5: 0.20854099217466576
m6: 663.7001996640619
m7: 1.6391900087633997
m8: 1.7315581203356534

R2: 0.9999876847176905
