m1: 2412.540888723105
m2: 899.1605737299979
m3: 2.818943345400705
m4: 1.1735075939002853
m5: 0.37325323255819626
m6: 739.4533682553223
m7: 1.8577666646851771
m8: 1.6017943476537972

R2: 0.9999818696670716
