m1: 2334.910511693488
m2: 503.89469712364786
m3: 3.318207665816512
m4: 1.070351704604075
m5: 0.37667068886197647
m6: 895.9954404630514
m7: 2.0484545996401335
m8: 1.5005806786168854

R2: 0.999958739261244
