m1: 2451.5896913653883
m2: 851.1588465060628
m3: 2.906395416820049
m4: 1.1762792055708173
m5: 0.2203514470380723
m6: 784.7394718100803
m7: 1.783787387005674
m8: 1.6002382935500203

R2: 0.9999889466327957
