m1: 2524.318660103256
m2: 1276.758189049523
m3: 2.6563001323654776
m4: 1.2156190790748729
m5: 0.223640892404951
m6: 605.5762835380577
m7: 1.7216618471800675
m8: 1.7642535696286654

R2: 0.9999758289013804
