m1: 2185.4881158636463
m2: 403.40943945918144
m3: 3.1376652598338004
m4: 1.3424558183497917
m5: 0.27657616135178603
m6: 890.4896325055163
m7: 1.564944452201506
m8: 1.722901282949688

R2: 0.9999941714432912
