m1: 2232.694428468108
m2: 806.7973152320449
m3: 2.460110621061469
m4: 1.4003810875245166
m5: 0.29210154259774834
m6: 710.9349196163801
m7: 1.4483003051505459
m8: 1.8134875259510812

R2: 0.9999956576487948
