m1: 2304.268639802094
m2: 353.5572235957409
m3: 4.042277631050894
m4: 1.1682236676026199
m5: 0.21361012701219337
m6: 967.3219416545594
m7: 1.7151069992767172
m8: 1.5694905908822172

R2: 0.9999913957397112
