m1: 2356.987740798439
m2: 803.3999999986554
m3: 2.8175149736648395
m4: 1.2821510917180563
m5: 0.20904250282093323
m6: 770.2393783421262
m7: 1.542939221078204
m8: 1.675127855434953

R2: 0.9999870711799317
