m1: 2373.4574813400154
m2: 1125.848248312983
m3: 2.646194210989418
m4: 1.1920062628424248
m5: 0.365099785689537
m6: 601.7457365193053
m7: 2.0665320177024684
m8: 1.6545003152104993

R2: 0.9999862812783251
