m1: 2318.9566720218204
m2: 1087.7491999107312
m3: 2.307064617915542
m4: 1.407957146836179
m5: 0.3055995988771883
m6: 614.0426337302837
m7: 1.3266696915193146
m8: 1.8925643167056267

R2: 0.999974625347426
