m1: 2453.31396423157
m2: 1473.6050780780988
m3: 2.5429188200891093
m4: 1.2808125136937771
m5: 0.2673588351934883
m6: 469.35695744046535
m7: 2.0772278893161835
m8: 1.8194497207438542

R2: 0.9999906490527528
