m1: 2277.9941218451054
m2: 911.8921111732421
m3: 1.8320817831057052
m4: 1.6950131821480905
m5: 0.32628535834578687
m6: 675.014288272161
m7: 1.0231557698469431
m8: 2.6087999999999987

R2: 0.9999736747817305
