m1: 4288.884104356819
m2: 1497.5723074509986
m3: 1.5520828451789976
m4: 1.812903488644463
m5: 0.32773052500624505
m6: 1384.4266409340348
m7: 1.309473029909149
m8: 3.685213168051964

R2: 0.9999862335649303
