m1: 2326.867949716815
m2: 873.7934578145864
m3: 2.722868730350999
m4: 1.213376615265331
m5: 0.2623962069015013
m6: 709.7200814126979
m7: 1.7644916647954043
m8: 1.6503048847066455

R2: 0.9999897825677238
