m1: 2391.059617825199
m2: 1294.9349176585933
m3: 2.4947871159414565
m4: 1.1815760965763127
m5: 0.18471083405034813
m6: 527.6256916719193
m7: 2.013048814101931
m8: 1.677743889351404

R2: 0.9999954988168441
