m1: 2411.066283467664
m2: 1426.3317763822822
m3: 2.4327661769033555
m4: 1.1824175290137642
m5: 0.26095446181282184
m6: 474.0644726296906
m7: 1.9978617350569092
m8: 1.725790328875383

R2: 0.9999944025849975
