m1: 2344.6942326998314
m2: 1192.337716521653
m3: 2.6107841810977153
m4: 1.236881222825135
m5: 0.28489834881445963
m6: 552.6266552980126
m7: 2.17558823758632
m8: 1.723042731530564

R2: 0.9999971625053338
