m1: 2413.363225826766
m2: 1250.094009117206
m3: 2.656213759194663
m4: 1.165386654053199
m5: 0.3490917061018566
m6: 559.2981519333797
m7: 2.0807157710749986
m8: 1.6313878172816405

R2: 0.9999861499341403
