m1: 2215.96773102149
m2: 267.8000000026356
m3: 3.8555413190971897
m4: 1.1995257176912506
m5: 0.20821189614889132
m6: 974.9601236764271
m7: 1.628796383066347
m8: 1.5876615581921036

R2: 0.9999910087196153
