m1: 2298.006560474773
m2: 267.800000002635
m3: 4.201214340075978
m4: 1.1277831364370212
m5: 0.2155404652503422
m6: 1015.2323437154748
m7: 1.5982468687646119
m8: 1.6247565282273617

R2: 0.9999519145510979
