m1: 2384.576736879551
m2: 1355.581788525469
m3: 2.4343269185283525
m4: 1.1954904370540518
m5: 0.24451836118720757
m6: 495.6529908967953
m7: 2.0244711178504904
m8: 1.6978198705481464

R2: 0.9999821049910864
