m1: 3334.604084402939
m2: 1844.8789372288813
m3: 2.4203568282884063
m4: 1.2667006480664902
m5: 0.2697695735589734
m6: 727.0182597518098
m7: 1.5359374254102975
m8: 2.447887514397953

R2: 0.9999743940174454
