m1: 2442.7372870365602
m2: 1229.865083395902
m3: 2.646676248360364
m4: 1.1799023206261012
m5: 0.273145158823612
m6: 586.9336496443358
m7: 1.919238087834336
m8: 1.6657578629408594

R2: 0.999991500300973
