m1: 2294.0275828515128
m2: 670.93893887028
m3: 2.8775028812821484
m4: 1.1078647841440177
m5: 0.2605171157585419
m6: 794.8102790836796
m7: 1.8364798896962449
m8: 1.5230331302718536

R2: 0.9999863225310593
