m1: 2329.6767711044654
m2: 780.496720019439
m3: 2.8010882430473822
m4: 1.234083643661679
m5: 0.26705663949175945
m6: 756.1746633383096
m7: 1.862790042116096
m8: 1.6612243070861523

R2: 0.9999961396637547
