m1: 2331.2270605277176
m2: 1229.253635731924
m3: 2.5560326756321374
m4: 1.2222967760942618
m5: 0.30672590520510595
m6: 528.9300152090161
m7: 2.1006092471796483
m8: 1.71983969133334

R2: 0.999995963914377
