m1: 2429.732986384205
m2: 1344.7178443666357
m3: 2.5479326490644034
m4: 1.2654661557896523
m5: 0.25943646426313766
m6: 521.6045137884181
m7: 2.056855329878837
m8: 1.7756876001710076

R2: 0.9999951054711963
