m1: 2469.3135328525987
m2: 1162.6372966852082
m3: 2.660747074275336
m4: 1.1565566731319294
m5: 0.2338847209664455
m6: 635.6372629184737
m7: 1.8135526670906625
m8: 1.6340838216746039

R2: 0.9999918018798566
