m1: 2712.3890595537687
m2: 1727.5534095515952
m3: 2.4234550692969603
m4: 1.2224972861074916
m5: 0.23317397530046105
m6: 474.36672077389267
m7: 1.7822618173023932
m8: 2.032876962526117

R2: 0.9999764462231261
