m1: 2414.6003500738034
m2: 1178.162265714901
m3: 2.586566910635042
m4: 1.198032705268442
m5: 0.30034479069615017
m6: 599.2517020049763
m7: 1.9120206075486184
m8: 1.666116384228404

R2: 0.9999941717675875
