m1: 2416.7694697448533
m2: 1161.171951749706
m3: 2.595175527945958
m4: 1.1955350656579997
m5: 0.300469106332028
m6: 608.8015040340777
m7: 1.9120976394941873
m8: 1.6622151957515983

R2: 0.9999949156293155
