m1: 2419.5809812776624
m2: 1143.9559675880027
m3: 2.60356660659977
m4: 1.1924034461866602
m5: 0.30062972847462804
m6: 618.7445767590659
m7: 1.9168754096537015
m8: 1.6587110010444137

R2: 0.9999953530978867
