m1: 2341.1882129513474
m2: 768.2002067690497
m3: 2.7625702058576045
m4: 1.1713371702879862
m5: 0.1899360046090639
m6: 771.4569909597526
m7: 1.7402078890120438
m8: 1.5935664486680672

R2: 0.9999973739765897
