m1: 2433.701461582836
m2: 1088.2727351029282
m3: 2.760868221203227
m4: 1.2112893646344678
m5: 0.2752376297434108
m6: 651.0817129557248
m7: 2.0056159912971046
m8: 1.706310403727791

R2: 0.9999870032390301
