m1: 2359.693010141599
m2: 1076.268824972531
m3: 2.62081968644086
m4: 1.1662432413432056
m5: 0.29230108204444094
m6: 618.5435789065149
m7: 2.138019842272843
m8: 1.6490078669385577

R2: 0.9999962834904716
