m1: 2256.1524687806686
m2: 535.6000000000661
m3: 3.092003771406223
m4: 1.1965465382974885
m5: 0.20534527827811275
m6: 847.1660391966809
m7: 1.718274174656826
m8: 1.6153477968966246

R2: 0.999996828374067
