m1: 2444.0323855894844
m2: 976.6366003072718
m3: 2.755646419925771
m4: 1.1897005754958212
m5: 0.26115692040432903
m6: 712.8720967071062
m7: 1.9678523308954172
m8: 1.6662359045107595

R2: 0.9999973078637727
