m1: 2436.1243809455523
m2: 916.4816995187662
m3: 2.7948285313153365
m4: 1.1811575128359595
m5: 0.261141191713253
m6: 739.0772096392818
m7: 1.9706724147605261
m8: 1.6477774416068058

R2: 0.9999973198311661
