m1: 2329.1923932528584
m2: 598.9149510039463
m3: 3.149196072154989
m4: 1.1207631852322135
m5: 0.2779593549157165
m6: 856.4919632282028
m7: 1.6435040663772513
m8: 1.5326392643116113

R2: 0.9999921847824366
