m1: 2494.737906020802
m2: 898.3833688100088
m3: 2.962484148923543
m4: 1.1837634380978983
m5: 0.2717220226538099
m6: 795.9512920262501
m7: 1.3630106077081576
m8: 1.7009953563762756

R2: 0.9999763953656113
