m1: 2286.0158228449923
m2: 535.6000000000248
m3: 2.9629876586157025
m4: 1.213527275440859
m5: 0.2268159673108749
m6: 862.887498745886
m7: 1.7225184061659427
m8: 1.6160805589804386

R2: 0.9999918188660107
