m1: 2262.4725820948447
m2: 535.6000000000071
m3: 2.983595767306508
m4: 1.2108011399348628
m5: 0.22392494260620951
m6: 850.9127163584627
m7: 1.717638653674748
m8: 1.6266162124687356

R2: 0.9999913550276637
