m1: 2297.5722004534614
m2: 630.6165896986266
m3: 2.890850846863094
m4: 1.260468423235806
m5: 0.25203957042043096
m6: 821.3452278987573
m7: 1.6519827244507423
m8: 1.6841861891011798

R2: 0.999995263307331
