m1: 2334.9091198272076
m2: 706.451246397737
m3: 2.8906983718145627
m4: 1.2269194377953245
m5: 0.27136304577226267
m6: 803.0746172437948
m7: 1.6567481187087356
m8: 1.6591228490437246

R2: 0.9999930488855718
