m1: 2271.358853594914
m2: 798.0626739493217
m3: 2.6027150088918947
m4: 1.3552349042767986
m5: 0.2281261860024201
m6: 737.1221544507165
m7: 1.3755098932991314
m8: 1.8073450124508645

R2: 0.9999711312058445
