m1: 2312.241546732712
m2: 546.5986313224721
m3: 3.1467130527101115
m4: 1.1793163301064191
m5: 0.19817145991923876
m6: 867.275262800712
m7: 1.8061369667761729
m8: 1.5979538132057707

R2: 0.9999863057160492
