m1: 2483.789694711319
m2: 1055.2547227959346
m3: 2.7431389735854306
m4: 1.177176056598058
m5: 0.21864938493717606
m6: 695.4405227259266
m7: 1.8510716976757686
m8: 1.6277451017253795

R2: 0.9999948809469916
