m1: 2431.1898556794126
m2: 543.7144507651068
m3: 3.278930193299531
m4: 1.0712354375658704
m5: 0.21940065639007408
m6: 924.4721619659327
m7: 2.000100603154374
m8: 1.5090690846521457

R2: 0.9999900769113121
