m1: 2326.184516498399
m2: 1378.732188154094
m3: 2.399829925193754
m4: 1.3374163970297952
m5: 0.5195629619720601
m6: 454.724941377334
m7: 1.999751578884333
m8: 1.8860009109322147

R2: 0.9999979492768866
