m1: 2386.4167510588136
m2: 1330.8795349471702
m3: 2.47104255237537
m4: 1.1577170762321962
m5: 0.27705231602021535
m6: 509.79022375807625
m7: 1.8615443876974764
m8: 1.6989686570208726

R2: 0.9999924906835949
