m1: 2353.9887298975004
m2: 845.4298614960691
m3: 2.708793972071887
m4: 1.149002510769175
m5: 0.23401781867333726
m6: 736.0396612908124
m7: 1.858687827493904
m8: 1.596595283993596

R2: 0.9999915012760368
