m1: 2449.052967925095
m2: 436.72764277337336
m3: 3.6110820100895644
m4: 0.9923358637350591
m5: 0.27739549618729953
m6: 994.5187251550062
m7: 1.8243821302097971
m8: 1.44183969282136

R2: 0.9999532016771021
