m1: 2438.272558562924
m2: 820.670630336031
m3: 2.8821244993509185
m4: 1.076760588867865
m5: 0.27817266947727554
m6: 796.0642757418987
m7: 1.7432151757575043
m8: 1.509784346221375

R2: 0.999981405729164
