m1: 2355.284751369118
m2: 657.7679043964196
m3: 2.9619734140581637
m4: 1.1259895681080088
m5: 0.31124753860442317
m6: 829.9492294031525
m7: 1.9734303954304941
m8: 1.545457723414404

R2: 0.9999944336075602
