m1: 2379.5559496555566
m2: 990.3169541548302
m3: 2.697045344479883
m4: 1.1785754025149229
m5: 0.31155267261458275
m6: 675.2708085785447
m7: 1.940961419235979
m8: 1.6265489036627885

R2: 0.999995944588678
