m1: 2386.370773602125
m2: 1342.4956344986235
m3: 2.4586736169608723
m4: 1.2227696210377483
m5: 0.2368334275888172
m6: 502.31094051092714
m7: 2.1239932536508257
m8: 1.7290545730254718

R2: 0.9999849047444282
