m1: 2315.8485148862
m2: 791.9345589768891
m3: 2.7354124244125346
m4: 1.2616794156565252
m5: 0.350691248323463
m6: 742.2716609966885
m7: 1.9831931197302786
m8: 1.655193921663767

R2: 0.9999888234402016
