m1: 2384.734128999957
m2: 1336.310112230619
m3: 2.468475062267095
m4: 1.185299068263903
m5: 0.32314477291216004
m6: 505.82140110532157
m7: 1.9037940268758802
m8: 1.7372830465798195

R2: 0.9999923625549256
