m1: 2462.90192543868
m2: 1411.6527433118881
m3: 2.398885037128676
m4: 1.3004959389854454
m5: 0.3097323025727546
m6: 507.8479330207348
m7: 1.7700332692480796
m8: 1.8662060947327235

R2: 0.9999804414907867
