m1: 2444.559577966575
m2: 1525.1119385559955
m3: 2.412341521429981
m4: 1.2746556750355196
m5: 0.3084811876841618
m6: 440.02869584065456
m7: 2.0298591221787983
m8: 1.8442203776030772

R2: 0.999992284448106
