m1: 2400.9255424098487
m2: 1151.5223179477127
m3: 2.63841476417131
m4: 1.1800207983152704
m5: 0.21653628391922908
m6: 601.3782799611853
m7: 2.1024013402170563
m8: 1.660892776622688

R2: 0.9999900451955299
