m1: 2293.3756824310753
m2: 535.6000000808103
m3: 3.1789807794731577
m4: 1.2118125624231977
m5: 0.2208816925899651
m6: 862.8397706779716
m7: 1.8166671155695848
m8: 1.6307031323775754

R2: 0.9999980487456809
