m1: 2417.8875368598497
m2: 1542.3064311786522
m3: 2.4633008261310834
m4: 1.1588472094897697
m5: 0.2699721989908381
m6: 418.2874471242114
m7: 2.089947623082329
m8: 1.7415836307001713

R2: 0.9999971938763864
