m1: 2461.374880955077
m2: 1605.6741743169894
m3: 2.4796495758243657
m4: 1.2221956532858023
m5: 0.3554528305596404
m6: 407.598266137171
m7: 2.111847283074391
m8: 1.8344574439107044

R2: 0.99999000499245
