m1: 2377.6498703719994
m2: 1048.7656167261598
m3: 2.6003652246690194
m4: 1.2231136243579348
m5: 0.24332895187052844
m6: 644.1737991674919
m7: 1.9343335418377545
m8: 1.6973654135841263

R2: 0.9999929621840385
