m1: 2400.19815073003
m2: 840.7304523195149
m3: 2.8232324511887175
m4: 1.245787630167695
m5: 0.28512274677727506
m6: 768.3549131812565
m7: 1.587904431505413
m8: 1.7228950908714336

R2: 0.9999950732055949
