m1: 2443.341127183162
m2: 1268.6088882465938
m3: 2.6089977885584568
m4: 1.1954524214103937
m5: 0.2607074875234499
m6: 568.2522771714584
m7: 1.866845408051174
m8: 1.695750852938219

R2: 0.9999940326793658
