m1: 2443.1756275473394
m2: 1227.1041149338134
m3: 2.6262355859461612
m4: 1.1900667043013533
m5: 0.260666839681909
m6: 588.9878328635361
m7: 1.8706322143470882
m8: 1.682069849162973

R2: 0.9999944056481759
