m1: 2358.767408549939
m2: 534.3050400481352
m3: 3.2021103082508
m4: 1.1597673203161927
m5: 0.3559382592755436
m6: 892.4871229751556
m7: 2.0365910683850212
m8: 1.587024446342392

R2: 0.9999915014813331
