m1: 2348.2519363408564
m2: 375.3711437921717
m3: 3.5246439480270024
m4: 1.0837790899950066
m5: 0.35706930184933267
m6: 965.8942864352612
m7: 2.123387466690546
m8: 1.559684635390455

R2: 0.9999850009749333
