m1: 2336.3181387153886
m2: 729.2571937398313
m3: 2.7697660096580994
m4: 1.202504645367245
m5: 0.22333421497032832
m6: 787.2616507079013
m7: 1.8041459946227945
m8: 1.6136219094192406

R2: 0.9999898594591354
