m1: 2302.863000824257
m2: 535.6000012174941
m3: 2.9890595477372215
m4: 1.1881068518576017
m5: 0.24805212510082544
m6: 867.3925162265137
m7: 1.8401051343313601
m8: 1.6037478967471657

R2: 0.9999912430060381
