m1: 2384.535299931397
m2: 921.3880904730977
m3: 2.691050755155705
m4: 1.1955136935775657
m5: 0.218248569788251
m6: 712.9433472066039
m7: 1.8352426439711702
m8: 1.6670715648758805

R2: 0.9999911315296295
