m1: 2299.371166430555
m2: 632.567524167292
m3: 3.0457860755438713
m4: 1.1021755877920032
m5: 0.1959941119114406
m6: 813.2899861892965
m7: 2.078782659137149
m8: 1.5041814042762942

R2: 0.9998626079933749
