m1: 2482.953473756421
m2: 1265.1774065364962
m3: 2.6159366962784025
m4: 1.2123985488714368
m5: 0.1952319338097289
m6: 589.3923162259194
m7: 1.8555482009730064
m8: 1.7275342339679192

R2: 0.9999891373518591
