m1: 2465.637934748837
m2: 461.4720944911318
m3: 4.548036679446012
m4: 1.0508131013247486
m5: 0.28567828270823153
m6: 1001.1774515307729
m7: 1.533731909223949
m8: 1.5378474651720406

R2: 0.9999650133796314
