m1: 2341.4415669557975
m2: 390.70333764919764
m3: 3.821478013873384
m4: 1.040363497752133
m5: 0.2924394165040729
m6: 967.7447526445296
m7: 1.7109356115956333
m8: 1.4563642458482997

R2: 0.9999806567085031
