m1: 2289.453538880166
m2: 396.4206314602409
m3: 3.4947049051904857
m4: 1.1528235331538528
m5: 0.39121990731453066
m6: 935.3342391252999
m7: 1.776253393189258
m8: 1.552965739194891

R2: 0.9999885123904415
