m1: 2426.5717901330318
m2: 803.4000007241802
m3: 2.963819575314424
m4: 1.2407416376834743
m5: 0.3895448706984022
m6: 803.8819765465106
m7: 1.5004009405976755
m8: 1.707488703035109

R2: 0.9999720458203237
