m1: 2330.479362595046
m2: 1539.955131812794
m3: 2.3469223936999852
m4: 1.3613241433084033
m5: 0.2724952126227715
m6: 376.5614839047544
m7: 2.115030243943263
m8: 1.9599259777642677

R2: 0.9999981228185871
