m1: 2166.8587671958426
m2: 535.6000000008169
m3: 2.7415772003263195
m4: 1.261695476045826
m5: 0.2419965138040492
m6: 808.7654224520421
m7: 1.5499240422141563
m8: 1.6896038566898923

R2: 0.9999903768794726
