m1: 2332.8799235900037
m2: 1031.9696858966672
m3: 2.611928228759981
m4: 1.258686143219902
m5: 0.2949766706031397
m6: 630.0074814664216
m7: 1.940856930412736
m8: 1.7154413108858104

R2: 0.9999974438822721
