m1: 2427.0819054602985
m2: 1433.9520094643256
m3: 2.5148815190980534
m4: 1.231919697783608
m5: 0.361025226113016
m6: 476.70102481979103
m7: 1.9838355985689966
m8: 1.7776254508214713

R2: 0.9999951836544886
