m1: 2417.8332121867634
m2: 1063.3635869776476
m3: 2.573568984742501
m4: 1.2313744178307593
m5: 0.25264912267783235
m6: 659.9674933341897
m7: 1.779467828349107
m8: 1.7186557138302798

R2: 0.999965963508113
