m1: 2350.421196034287
m2: 1066.8349985732696
m3: 2.6112365233015806
m4: 1.1962924288597778
m5: 0.2588804301733644
m6: 621.7699387438219
m7: 1.9409330800997162
m8: 1.6580279135769906

R2: 0.9999898635809366
