m1: 2303.4243366285123
m2: 577.116649450325
m3: 2.9551096336665674
m4: 1.2123151290609628
m5: 0.25219019011915217
m6: 847.1524786810252
m7: 1.8085110878714936
m8: 1.6510190154257052

R2: 0.9999970090495458
