m1: 2378.2453988017237
m2: 1193.7111539901468
m3: 2.5120485117830293
m4: 1.226280837697692
m5: 0.25048670851365357
m6: 574.9439872194909
m7: 1.7845538476633995
m8: 1.7240931202414156

R2: 0.9999743432154685
