m1: 2159.935340175942
m2: 535.6000000206991
m3: 2.69634215782538
m4: 1.3096092788655633
m5: 0.22814956743782108
m6: 803.6583899822057
m7: 1.604809706190906
m8: 1.705571961895638

R2: 0.9999911522607925
