m1: 2387.795104522763
m2: 1128.855874424734
m3: 2.6279140353136383
m4: 1.2328571225753608
m5: 0.22809329949881552
m6: 606.6653748766796
m7: 2.14203467650978
m8: 1.7107431840474159

R2: 0.9999945902681137
