m1: 2215.30449471154
m2: 269.6953017362069
m3: 3.6964247364314673
m4: 1.2261319223735907
m5: 0.21578047741212036
m6: 971.9678230316932
m7: 1.6377283926404893
m8: 1.6337495028725597

R2: 0.9999903222079836
