m1: 2286.659606374304
m2: 267.80038265467846
m3: 4.144027163878573
m4: 1.1523509648841088
m5: 0.2206415270496767
m6: 1008.4670464587972
m7: 1.6025234913536797
m8: 1.6714119541656431

R2: 0.9999642153338424
