m1: 2429.8542759692155
m2: 1070.8127140458087
m3: 2.7173321148021614
m4: 1.2146100585239494
m5: 0.29046734731330687
m6: 659.4384472007965
m7: 1.8960917372232873
m8: 1.6951109169018421

R2: 0.9999965090602378
