m1: 2414.935118652133
m2: 966.0107753912351
m3: 2.771443087552824
m4: 1.2007889853785862
m5: 0.29034184417819686
m6: 704.5096878223093
m7: 1.9173473047218614
m8: 1.6601218930636563

R2: 0.9999960192862519
