m1: 2256.859803289447
m2: 535.6000000000001
m3: 3.071641652050505
m4: 1.238486473344025
m5: 0.20176188494411731
m6: 848.828929893549
m7: 1.6969644525742815
m8: 1.6357807490955782

R2: 0.9999868542592665
