m1: 2321.179262044573
m2: 1105.7944486855467
m3: 2.6124799466739
m4: 1.2001655898230992
m5: 0.3055549404135248
m6: 585.1018110061756
m7: 2.122081625083939
m8: 1.6652389093162006

R2: 0.9999949808687606
