m1: 2187.875956033083
m2: 2160.503898855066
m3: 2.043735998063856
m4: 1.5400552841935147
m5: -0.20079025823853416

R2: 0.9999193144579446
