m1: 2367.3014681768973
m2: 1053.9372810876378
m3: 2.519886092999199
m4: 1.2785329679159598
m5: 0.32928148788136963
m6: 646.0663390940931
m7: 1.5441978814155055
m8: 1.7484901225714768

R2: 0.9999951182383086
