m1: 2327.073921846386
m2: 702.6073625410568
m3: 2.888794673600273
m4: 1.223975428744706
m5: 0.3303875574380072
m6: 801.5264444422289
m7: 1.6343700523264333
m8: 1.6428993588652459

R2: 0.9999951437149821
