m1: 2398.7708521816458
m2: 1214.5080130272256
m3: 2.4884500588715013
m4: 1.2144779224092974
m5: 0.22691189257234123
m6: 575.0594550687197
m7: 1.8269833116194243
m8: 1.7040261612826055

R2: 0.9999952584356128
