m1: 2184.739625853785
m2: 1098.117634770873
m3: 2.583684325400599
m4: 1.126687988235524
m5: 0.26902937944404864
m6: 523.1963542290223
m7: 2.914757776274426
m8: 1.5105483274975833

R2: 0.9997033307941157
