m1: 2448.9610285613758
m2: 1196.3120429869425
m3: 2.678014389191244
m4: 1.1688056890787348
m5: 0.27172022015669467
m6: 606.2701214677252
m7: 1.9431134008581625
m8: 1.654659118371678

R2: 0.9999878858754861
