m1: 2287.139463388154
m2: 740.8709162388388
m3: 2.77798300809852
m4: 1.2483240313453257
m5: 0.29505235045754225
m6: 755.8407371109749
m7: 1.8210461818580763
m8: 1.6623425476611726

R2: 0.9999965047282956
