m1: 2443.51514392004
m2: 1389.1660795553269
m3: 2.5640165202236895
m4: 1.218558133255741
m5: 0.23937136681319202
m6: 505.0337994221788
m7: 2.1133363806300984
m8: 1.7597919502604429

R2: 0.999982306288825
