m1: 2445.41321618937
m2: 687.7197698356006
m3: 3.0796759866496317
m4: 1.1652297577863853
m5: 0.23220498128237876
m6: 859.0162047051692
m7: 1.9612924512944423
m8: 1.5873900814938904

R2: 0.9999938313748048
