m1: 2467.1141324841083
m2: 893.1908295601136
m3: 2.872656738213357
m4: 1.202114049061779
m5: 0.23126462925608374
m6: 767.4409702699411
m7: 1.9087840505879012
m8: 1.6368412720271055

R2: 0.9999948648263671
