m1: 2326.1904087925195
m2: 1378.7052058083045
m3: 2.399838991446553
m4: 1.3374143523557915
m5: 0.5195629773805336
m6: 454.74142579793966
m7: 1.9997027147113686
m8: 1.8859932880230184

R2: 0.9999979493079972
