m1: 2371.7079151861153
m2: 720.9681108381927
m3: 2.858979633138411
m4: 1.0629126507779039
m5: 0.2820053094928434
m6: 811.1436151795483
m7: 1.8288211555475977
m8: 1.4861924913188242

R2: 0.9999785466192777
