m1: 2265.2524767564632
m2: 732.415947565052
m3: 2.6671501181276085
m4: 0.9871563071396546
m5: 0.2861201405753485
m6: 746.6971493248236
m7: 2.4063781829685524
m8: 1.455793738987853

R2: 0.999954877611898
