m1: 2326.2818256624764
m2: 1378.6022634109918
m3: 2.399867767683927
m4: 1.337417505683991
m5: 0.5195657728911041
m6: 454.83869456928176
m7: 1.9991949781739948
m8: 1.886001563477402

R2: 0.9999979501787926
