m1: 2415.738891340817
m2: 1165.9098892568222
m3: 2.602754873884106
m4: 1.1463894894318325
m5: 0.2405672157270201
m6: 604.2465603377553
m7: 1.999669388096927
m8: 1.6236148594937603

R2: 0.9999864266404912
