m1: 2416.396264205388
m2: 1350.2614970032103
m3: 2.6133396155428423
m4: 1.2090347383210218
m5: 0.254098519265064
m6: 511.31461021857916
m7: 2.1064264952624225
m8: 1.7292292495616055

R2: 0.9999955719826381
