m1: 2419.9320839307347
m2: 1400.0609019253118
m3: 2.5903235311047776
m4: 1.1841220457360995
m5: 0.25413886489453386
m6: 488.05758846586644
m7: 2.0713808221094046
m8: 1.7081895629873947

R2: 0.9999845756051272
