m1: 2369.006790771115
m2: 1308.784099772808
m3: 2.52061630276031
m4: 1.1891934411960907
m5: 0.1984781142526533
m6: 509.2816140496382
m7: 1.9790078165055327
m8: 1.7122168154762492

R2: 0.9999973358843759
