m1: 2416.7663357275046
m2: 879.6666118413756
m3: 2.7858585886878724
m4: 1.1662707554318923
m5: 0.19604257284798304
m6: 754.7952340190564
m7: 1.7097005167866302
m8: 1.6069242066878922

R2: 0.9999963127572201
