m1: 2411.4897727165458
m2: 857.1625550275469
m3: 2.79953792225612
m4: 1.163367058346514
m5: 0.19596484465655536
m6: 763.4309163063609
m7: 1.7195157290245944
m8: 1.5988567261465878

R2: 0.999996292905361
