m1: 2411.0597576831956
m2: 1112.906598495471
m3: 2.728689834742605
m4: 1.1137765548150553
m5: 0.36627250742306683
m6: 626.974927665942
m7: 2.0177721840834706
m8: 1.5943301653292066

R2: 0.9999767773191023
