m1: 2343.138799380818
m2: 624.8039871677156
m3: 2.974224648384189
m4: 1.167581372543646
m5: 0.22036061963422432
m6: 843.0253167439515
m7: 1.7921706283807326
m8: 1.6201328009965033

R2: 0.9999894323134398
