m1: 2429.1107722788897
m2: 1376.0176351660202
m3: 2.5409188406115373
m4: 1.1687091531836826
m5: 0.23761086321937136
m6: 504.7137897936205
m7: 2.061062241245352
m8: 1.6786736046661432

R2: 0.999985568486042
