m1: 2888.2892062436185
m2: 1469.075404986918
m3: 2.6653252617271836
m4: 1.2380688118353937
m5: 0.25875994143581244
m6: 696.1863217912954
m7: 1.2974697981817522
m8: 2.081544316406787

R2: 0.9999692984444531
