m1: 2416.566921566505
m2: 979.335507134193
m3: 2.772255242470507
m4: 1.1657180959768296
m5: 0.2619822394847751
m6: 700.81172417497
m7: 1.8513309911426648
m8: 1.6104463265812015

R2: 0.9999884926596302
