m1: 2403.8637824438424
m2: 776.9893889782813
m3: 2.892985805115739
m4: 1.2059876398020737
m5: 0.2537376357078208
m6: 796.0195895578443
m7: 1.8602632872114144
m8: 1.6338280841028818

R2: 0.9999954061196583
