m1: 2369.0187258123387
m2: 738.8582970929992
m3: 2.8591728224114474
m4: 1.1797472146845933
m5: 0.2564336030784117
m6: 795.6676712743094
m7: 1.9919424395933985
m8: 1.6125948620973953

R2: 0.9999938430569708
