m1: 2359.6364112520637
m2: 1147.4031491286028
m3: 2.6533242720829833
m4: 1.2301074913525334
m5: 0.26119234838753996
m6: 582.690855275238
m7: 2.144374582338595
m8: 1.7125198254214187

R2: 0.9999953767797649
