m1: 2299.61722417181
m2: 649.5820273361068
m3: 2.798418229227964
m4: 1.3303059042749759
m5: 0.32645360144908336
m6: 824.1867676391304
m7: 1.486007079024838
m8: 1.7338491182008717

R2: 0.999991254855029
