m1: 2448.4871506666814
m2: 1408.4359954759173
m3: 2.604181271866343
m4: 1.1887995982242294
m5: 0.25568206397487275
m6: 498.64209832660947
m7: 2.0356984495376484
m8: 1.728987689563813

R2: 0.9999934822703743
