m1: 2384.2758763291467
m2: 1408.8710265237528
m3: 2.5823278850242177
m4: 1.1634600684118073
m5: 0.20566260837208683
m6: 464.2986555406679
m7: 2.231536358886567
m8: 1.6872773933767402

R2: 0.9999889402188348
