m1: 2405.7454510155394
m2: 1368.689308437041
m3: 2.52887689146045
m4: 1.1290500575912796
m5: 0.228281243177304
m6: 496.639659342176
m7: 2.0774559559654926
m8: 1.6491225411464554

R2: 0.9999950237804459
