m1: 2426.360090079199
m2: 1031.3637655678963
m3: 2.6876175865530447
m4: 1.1192785161142595
m5: 0.2269686141084553
m6: 679.8581768924657
m7: 1.8421556825463765
m8: 1.5803381374096914

R2: 0.9999955543534197
