m1: 2421.61571217869
m2: 986.5017425446742
m3: 2.729164131926365
m4: 1.1105391393753996
m5: 0.2272304514994279
m6: 699.7213973597591
m7: 1.85431175809549
m8: 1.5683705869067657

R2: 0.9999955245369626
