m1: 2392.033222746889
m2: 1080.4355215513074
m3: 2.566703959332005
m4: 1.2088566352174634
m5: 0.246032321133057
m6: 636.6339680403038
m7: 1.9800661391397387
m8: 1.6808808695053485

R2: 0.9999745686382407
