m1: 2189.544524655964
m2: 651.188919207652
m3: 2.607580679089787
m4: 1.2000623874194047
m5: 0.2388979470689988
m6: 763.5550427795355
m7: 1.521640738210916
m8: 1.609703274940709

R2: 0.9999938736527283
