m1: 2436.3181143635175
m2: 1478.7577399668871
m3: 2.5013085462672637
m4: 1.1832160297623884
m5: 0.23917317974923696
m6: 457.3255417471115
m7: 2.084316604515856
m8: 1.7296761259777116

R2: 0.9999908072491838
