m1: 2428.1904588135585
m2: 1214.454810264899
m3: 2.5743001124576455
m4: 1.1852165849494336
m5: 0.23642129577928656
m6: 588.0993987908647
m7: 1.9133032502766636
m8: 1.6728982310922196

R2: 0.9999957995497933
