m1: 2430.4851620161694
m2: 1225.280128524275
m3: 2.56489544617627
m4: 1.187875110658868
m5: 0.2361833879415891
m6: 583.9812478658755
m7: 1.9074314340408958
m8: 1.676295889234591

R2: 0.9999959178864387
