m1: 2425.811739515482
m2: 1205.1353780578854
m3: 2.578570334652888
m4: 1.1838897059929951
m5: 0.23644241876979016
m6: 591.5589760004125
m7: 1.9151383443620842
m8: 1.6690245226523948

R2: 0.9999956985319306
