m1: 2429.269061427287
m2: 1218.114990401013
m3: 2.5723143818728436
m4: 1.1859210981826156
m5: 0.23638915943094094
m6: 586.8308335983436
m7: 1.9114379565014077
m8: 1.6743695978330069

R2: 0.9999958433460129
