m1: 2424.6491710672003
m2: 1200.4828657634946
m3: 2.580646083149155
m4: 1.1833295572702753
m5: 0.23644298885780832
m6: 593.3069834143263
m7: 1.915380871825977
m8: 1.667048221698991

R2: 0.9999956397338718
