m1: 2431.407830951018
m2: 1226.3349865190705
m3: 2.556243935423281
m4: 1.1903735477949384
m5: 0.23577655641399056
m6: 584.1935776951124
m7: 1.8961074223861212
m8: 1.6753474123978243

R2: 0.9999959640064323
