m1: 2431.140751958069
m2: 1226.4702306320594
m3: 2.560472009099692
m4: 1.1891748089307712
m5: 0.23600669247322756
m6: 583.8418296618732
m7: 1.9015986805732574
m8: 1.67612691808787

R2: 0.999995949711007
