m1: 2427.0093478771937
m2: 1209.9777523709718
m3: 2.5763875678903707
m4: 1.1845327316065941
m5: 0.23643638412830661
m6: 589.7381071221627
m7: 1.9145080217430654
m8: 1.671045129661683

R2: 0.999995751632732
