m1: 2430.088741024569
m2: 1221.4266219977344
m3: 2.569635993794888
m4: 1.186743132117927
m5: 0.23632127079945425
m6: 585.6284113180176
m7: 1.9093345574906264
m8: 1.6754671082344035

R2: 0.9999958833521425
