m1: 2423.51991193253
m2: 1195.9670885864016
m3: 2.5826622558398964
m4: 1.18282258080118
m5: 0.23644037044014302
m6: 595.0060121319931
m7: 1.91537924514222
m8: 1.6651152264473978

R2: 0.9999955747682453
