m1: 2279.472363838201
m2: 554.9437685640365
m3: 2.960835308402041
m4: 1.0879567462402397
m5: 0.27887735275795195
m6: 849.6088011717948
m7: 1.7092221966016603
m8: 1.537748865991172

R2: 0.9999792019079834
