m1: 2343.2957050735263
m2: 1411.089507482918
m3: 2.1071647055793266
m4: 1.494247882519099
m5: 0.2864906614219354
m6: 460.7819729398427
m7: 1.2778994223156146
m8: 2.1914730064404067

R2: 0.9999860342075262
