m1: 2372.6472006647627
m2: 782.101376403947
m3: 2.8592053822067762
m4: 1.198039097417163
m5: 0.3680218678647954
m6: 783.2339717091966
m7: 1.6370563484357905
m8: 1.64599911313562

R2: 0.9999808744669764
