m1: 2443.5991141441154
m2: 1304.1917993101733
m3: 2.6867057617263153
m4: 1.2408245015920492
m5: 0.25985700839702786
m6: 546.9687435124463
m7: 2.1265863113175056
m8: 1.7273559513887982

R2: 0.9999842991787332
