m1: 2450.982230121972
m2: 1423.1381611512656
m3: 2.590196891804065
m4: 1.1863058724124511
m5: 0.34988497724824735
m6: 492.12923946865124
m7: 2.067745025000128
m8: 1.723259524240309

R2: 0.9999907147330701
