m1: 2367.892466712939
m2: 1349.5784824167156
m3: 2.5698166865182603
m4: 1.1674222941217858
m5: 0.20584017705187677
m6: 486.8951851298504
m7: 2.1254412147488426
m8: 1.6622138872936711

R2: 0.9999903233261019
