m1: 2327.434217030369
m2: 1378.3804371210783
m3: 2.3997748658249027
m4: 1.3376430452782802
m5: 0.5195913362528435
m6: 455.5298735263329
m7: 1.993216021325897
m8: 1.886488728352526

R2: 0.9999979618334826
