m1: 2359.395190100179
m2: 1191.7955836537037
m3: 2.545850725681157
m4: 1.1792675162272992
m5: 0.22878403533260322
m6: 562.0774474978358
m7: 2.112669214563815
m8: 1.6710888042930043

R2: 0.9999983443581351
