m1: 2311.373334877413
m2: 986.469432368448
m3: 2.409754509154692
m4: 1.3362026285800344
m5: 0.2834044792134192
m6: 663.492390113699
m7: 1.3400718830814555
m8: 1.7889518298020997

R2: 0.9999874746463918
