m1: 2319.9588101232807
m2: 999.2172397196365
m3: 2.541186181810989
m4: 1.2476885793691554
m5: 0.2884155628867498
m6: 640.8877282097063
m7: 1.9736329638986838
m8: 1.67756302961081

R2: 0.9999895133533154
