m1: 2448.425083040818
m2: 1374.5173388940002
m3: 2.561780012901762
m4: 1.2074776736756552
m5: 0.26142899953616705
m6: 516.0889263711559
m7: 2.034753624068621
m8: 1.713574942212556

R2: 0.99999779247096
