m1: 2316.1039585099534
m2: 979.1487476679421
m3: 2.5023228924583996
m4: 1.2220778220338102
m5: 0.30066876744201265
m6: 650.988128689033
m7: 1.8447070570716828
m8: 1.6781426073501342

R2: 0.9999973539574283
