m1: 2370.376331252013
m2: 451.4593040659154
m3: 3.9545406870423956
m4: 1.1690540234156441
m5: 0.23758721731847376
m6: 952.7078190021543
m7: 1.6582274030985613
m8: 1.5776087139217199

R2: 0.9999931390260818
