m1: 2344.649489311602
m2: 454.2629246379674
m3: 3.60530329434225
m4: 1.1755409891530926
m5: 0.23922086085413796
m6: 936.6024611280568
m7: 1.698341364066812
m8: 1.5617030971223125

R2: 0.9999944884470319
