m1: 2389.4973074021227
m2: 1013.5223973254568
m3: 2.6666693762585716
m4: 1.0720275440985303
m5: 0.269814888674996
m6: 666.9471699393454
m7: 1.9768273070209428
m8: 1.5612553540468972

R2: 0.9999795108409097
