m1: 2317.6340792589817
m2: 785.5575774714914
m3: 2.7949590943842755
m4: 1.2474992652795474
m5: 0.2969964196334886
m6: 747.9061145885645
m7: 1.8283034725585603
m8: 1.6814615197391962

R2: 0.9999971657229734
