m1: 2279.0595245288764
m2: 823.7444509021993
m3: 2.6219698079594367
m4: 1.33762514744467
m5: 0.25115376453996946
m6: 727.9677618023917
m7: 1.3698299072781284
m8: 1.7884005868254669

R2: 0.9999784891873407
