m1: 2327.353370415614
m2: 440.8378298298014
m3: 3.5153601609444642
m4: 1.1180444627339647
m5: 0.2526125687153999
m6: 933.2490944422767
m7: 1.7414068998675691
m8: 1.5137251706265265

R2: 0.9999907673787042
