m1: 2277.0751552797874
m2: 267.80000014345654
m3: 4.392132393775496
m4: 1.1012072998146472
m5: 0.24496976590667927
m6: 997.4097505510152
m7: 1.8023889051433832
m8: 1.4661535812542386

R2: 0.999983187791803
