m1: 2425.0536295854586
m2: 777.4769367583626
m3: 3.0886190448827624
m4: 1.139404778306948
m5: 0.16621414515834043
m6: 806.1630268362964
m7: 1.8455164565546238
m8: 1.5772327060408156

R2: 0.9999787669930397
