m1: 2443.298818621013
m2: 517.7469925488028
m3: 3.6971972235225126
m4: 1.0745016580975484
m5: 0.16646015297119335
m6: 945.5145005436732
m7: 1.8835656861436578
m8: 1.540731433542133

R2: 0.9999521897860076
