m1: 2403.0501823575546
m2: 1307.999199512042
m3: 2.594009440933477
m4: 1.217827710346179
m5: 0.2730647689012205
m6: 526.5876652598972
m7: 2.1056027497319856
m8: 1.7271668815036159

R2: 0.9999970234219971
