m1: 2441.8478955141572
m2: 1457.2519081402108
m3: 2.520690122407725
m4: 1.2289589106949983
m5: 0.30809376026056756
m6: 470.9369833520512
m7: 2.0621751695928827
m8: 1.771190171670356

R2: 0.9999907362021704
