m1: 2461.9780747105983
m2: 1228.5270420547713
m3: 2.6239396559498216
m4: 1.2198028841908355
m5: 0.19562091254897934
m6: 598.4984748050905
m7: 1.7988243595173004
m8: 1.7082107952052876

R2: 0.9999905881581074
