m1: 3020.1659681109413
m2: 1842.7880483404845
m3: 2.385783688812578
m4: 1.2985249132776424
m5: 0.19536846451370177
m6: 570.271704789126
m7: 1.6135694365352578
m8: 2.345668472334645

R2: 0.9999764606503921
