m1: 2421.1481102884163
m2: 1163.035658412288
m3: 2.5498288750480707
m4: 1.2158459593737154
m5: 0.30491552211520506
m6: 612.3705195540819
m7: 1.796148076835112
m8: 1.698731014317078

R2: 0.9999958546287997
