m1: 2405.5275355888807
m2: 1078.365226656875
m3: 2.566030753754785
m4: 1.2062667565006715
m5: 0.30491630301877104
m6: 646.8592317372451
m7: 1.8360234193269487
m8: 1.6646974176947071

R2: 0.9999938200169028
