m1: 2380.8841683827072
m2: 1217.842110214153
m3: 2.566231289523268
m4: 1.156803026433157
m5: 0.23010685640202452
m6: 559.4030696417518
m7: 2.1253469383699706
m8: 1.663720125704422

R2: 0.9999900513924906
