m1: 2405.989583762316
m2: 1394.0482057287475
m3: 2.5246479421706467
m4: 1.287092271425409
m5: 0.29988811123378667
m6: 485.1439850319375
m7: 2.0388803742509527
m8: 1.829538359203838

R2: 0.9999954894808964
