m1: 2477.8233998819514
m2: 1089.9209973957174
m3: 2.7693694620578175
m4: 1.1146010033817342
m5: 0.2582848102623781
m6: 677.4135589884544
m7: 1.7372134515940991
m8: 1.586940221750442

R2: 0.9999902055502539
