m1: 2634.2437325883975
m2: 1096.1812359641049
m3: 2.98518631948095
m4: 1.1320835332682555
m5: 0.25520718084681104
m6: 758.611565231093
m7: 1.466195213159301
m8: 1.6772213142964718

R2: 0.999981333206131
