m1: 2403.9012633381103
m2: 1179.1255239356876
m3: 2.589687710190836
m4: 1.1655402854068353
m5: 0.2071988230201183
m6: 591.170861456169
m7: 2.0181358238677887
m8: 1.6562904021784521

R2: 0.9999901892897367
