m1: 2409.1899647026885
m2: 977.3523003416645
m3: 2.665005829318207
m4: 1.1453766358198794
m5: 0.2331431043695915
m6: 701.8704684421368
m7: 1.7225987200788
m8: 1.6006258885985125

R2: 0.9999949260382934
