m1: 2390.0131276606676
m2: 943.0462060743525
m3: 2.688043588583588
m4: 1.1418208351180068
m5: 0.23328297426807038
m6: 709.4274169955437
m7: 1.7351543942479606
m8: 1.5828214485431642

R2: 0.9999923032011357
