m1: 2204.5513401240737
m2: 322.3149575359082
m3: 3.3175094366476583
m4: 1.1661843051967373
m5: 0.30324581145507207
m6: 942.8721606612885
m7: 1.592972955996757
m8: 1.5578532397254625

R2: 0.999994884153525
