m1: 2227.548219004242
m2: 307.4613747163172
m3: 4.080114332649286
m4: 1.1591265369453245
m5: 0.308473255634791
m6: 964.3053096816552
m7: 1.5421454776188401
m8: 1.5629677676546536

R2: 0.9999932221950092
