m1: 2388.5763002347735
m2: 775.1198338110822
m3: 2.9176803364157755
m4: 1.1361221935535957
m5: 0.24710217381855973
m6: 791.6406223136572
m7: 1.7877405929923187
m8: 1.562750531316027

R2: 0.9999897699553432
