m1: 2398.372819533462
m2: 742.9562338182063
m3: 2.9573767174026564
m4: 1.1310949574225198
m5: 0.24664316450673796
m6: 812.9483496863784
m7: 1.7860845649670198
m8: 1.5599674221453703

R2: 0.9999924113248743
