m1: 2440.2753082649
m2: 1422.1562195628544
m3: 2.4728500513853504
m4: 1.2575905179771047
m5: 0.2711171740645565
m6: 489.79868737507934
m7: 1.9790739519225018
m8: 1.8003123471970564

R2: 0.9999971084867325
