m1: 2284.102551529125
m2: 676.8404760909609
m3: 2.6882542630429263
m4: 1.2484227678386695
m5: 0.2906442188034312
m6: 805.5913695400425
m7: 1.451242504268103
m8: 1.6528046471959046

R2: 0.9999667538223485
