m1: 2349.065833935956
m2: 681.5470687299561
m3: 2.92654016003494
m4: 1.2091270350040901
m5: 0.27740739819306426
m6: 818.0098123555683
m7: 1.8155694201133685
m8: 1.643340875345943

R2: 0.9999966505667209
