m1: 2340.1419105889636
m2: 628.9864699591203
m3: 3.0168076598358664
m4: 1.1887906220843714
m5: 0.279731212786976
m6: 838.7903819358929
m7: 1.851567105456672
m8: 1.6293029609091365

R2: 0.999996383069998
