m1: 2374.5293294929224
m2: 1262.3190942404437
m3: 2.544330209833863
m4: 1.2357580110246313
m5: 0.36747167143809506
m6: 536.1371160835575
m7: 1.9243250777404284
m8: 1.7184107567945852

R2: 0.9999891107417105
