m1: 2125.431286047412
m2: 535.6000013484527
m3: 2.5904418438383976
m4: 1.3029378963055271
m5: 0.30662613405836603
m6: 786.3907644489918
m7: 1.6041026945479648
m8: 1.6999236571922878

R2: 0.9999970006390565
