m1: 2396.446264089727
m2: 1199.4253637680333
m3: 2.60977304011297
m4: 1.2476679581465089
m5: 0.2995768677229546
m6: 577.8133560739735
m7: 1.9541166334924236
m8: 1.7458595420770555

R2: 0.9999901437996018
