m1: 2396.4487068355234
m2: 1199.402351909065
m3: 2.6097867319324894
m4: 1.2476663024409906
m5: 0.2995767546797101
m6: 577.8262012906263
m7: 1.9540953788209634
m8: 1.7458534746030632

R2: 0.9999901438204535
