m1: 2487.6367919837394
m2: 1564.0598913966214
m3: 2.412164235583965
m4: 1.3055741001270282
m5: 0.2919740469767397
m6: 443.6325059573374
m7: 2.02130137320713
m8: 1.9322027026382533

R2: 0.9999716366870535
