m1: 2639.3541924075175
m2: 1297.2665115334034
m3: 2.724794309466692
m4: 1.2199334532761985
m5: 0.22550240296623314
m6: 655.1396101700367
m7: 1.5233842028590725
m8: 1.8287678179492723

R2: 0.9999840291676972
