m1: 2464.8102550925205
m2: 864.8428415632212
m3: 2.924720114165771
m4: 1.1744219064905324
m5: 0.22391234704519883
m6: 784.5265853541609
m7: 1.7640349182260626
m8: 1.5991084233455979

R2: 0.999990687050446
