m1: 2352.1113237287345
m2: 959.770117573927
m3: 2.683963706617529
m4: 1.1747119267487867
m5: 0.24305914764444497
m6: 677.7454456426036
m7: 1.823455261741741
m8: 1.6307833421163564

R2: 0.9999959332991146
