m1: 2263.7680509736592
m2: 538.2046480951534
m3: 3.073398884467767
m4: 1.2565761750143423
m5: 0.300148601580471
m6: 848.8363869492628
m7: 1.7420392837816605
m8: 1.6707586539237498

R2: 0.9999967472733403
