m1: 2330.944264163176
m2: 1534.7512311412152
m3: 2.348759908588336
m4: 1.360616019756854
m5: 0.2724949496246173
m6: 379.39101695579745
m7: 2.1070222894616273
m8: 1.9578277217925015

R2: 0.9999981214599181
