m1: 2339.40483318643
m2: 1125.2258396966372
m3: 2.584382803348648
m4: 1.258370685196258
m5: 0.2900722467379865
m6: 586.6145163649796
m7: 1.9325206162196715
m8: 1.733596013094421

R2: 0.9999976537561394
