m1: 2445.0382081666075
m2: 1412.6011342443603
m3: 2.533532253974841
m4: 1.2520422692658855
m5: 0.2942726827385595
m6: 494.1965607298496
m7: 2.061061428414287
m8: 1.7668237479640532

R2: 0.9999881171110057
