m1: 2478.352332232301
m2: 1192.7154979488262
m3: 2.6594539963825223
m4: 1.1526126579205185
m5: 0.18777120381836707
m6: 623.9751244665722
m7: 1.8488566811866725
m8: 1.63363698391438

R2: 0.9999954346619484
