m1: 2474.779430372274
m2: 1198.4029840329986
m3: 2.651670504070938
m4: 1.1523529831975172
m5: 0.1878266189287776
m6: 619.2241128912012
m7: 1.8629936330210406
m8: 1.6334437766680312

R2: 0.9999954374460932
