m1: 2431.153121743067
m2: 1193.057605472627
m3: 2.620043409640181
m4: 1.1874520566279405
m5: 0.29698174734514154
m6: 598.6820357566938
m7: 1.9515967551305573
m8: 1.6696161640858564

R2: 0.9999964004931365
