m1: 2429.147922633538
m2: 1146.2568962752175
m3: 2.644391625215902
m4: 1.1803008080830906
m5: 0.2971237098529108
m6: 621.0307041656097
m7: 1.9551250771442867
m8: 1.6562658358205484

R2: 0.9999963872823003
