m1: 2401.1521779507343
m2: 1231.5143559545563
m3: 2.5731915184608276
m4: 1.2337897566778624
m5: 0.2810964648054945
m6: 561.862575359517
m7: 2.1409969383664222
m8: 1.7272866184785143

R2: 0.9999898823379543
