m1: 2342.040873261445
m2: 1155.4480886383683
m3: 2.6479468568393867
m4: 1.2326906445990236
m5: 0.21268632453325806
m6: 569.6514353570437
m7: 2.150729565540513
m8: 1.714070144018748

R2: 0.9999961113411792
