m1: 2472.797134937735
m2: 1242.0338484613526
m3: 2.5882081072140712
m4: 1.135006646080514
m5: 0.29977795399976354
m6: 597.9790990211284
m7: 1.805114657532139
m8: 1.6431745421337944

R2: 0.9999972144341918
