m1: 2473.9275636684924
m2: 1248.730810354385
m3: 2.587104206430771
m4: 1.135219049012425
m5: 0.2998359976376465
m6: 595.1180252502052
m7: 1.807047141606511
m8: 1.646499259985158

R2: 0.9999972209867379
