m1: 2475.0461563438175
m2: 1254.776140114147
m3: 2.5860721827815545
m4: 1.1354591533763623
m5: 0.299882665919983
m6: 592.5908619104804
m7: 1.8084540579136332
m8: 1.649554678466906

R2: 0.9999972202108547
