m1: 2361.5746459354323
m2: 547.5410645427767
m3: 3.140916325437882
m4: 1.2421666073480673
m5: 0.2899297267352885
m6: 895.6353552502286
m7: 1.6897608624788762
m8: 1.6711878502013862

R2: 0.9999772683398253
