m1: 2243.2999612671088
m2: 464.1920639041138
m3: 2.9617319130763247
m4: 1.2501295772886267
m5: 0.18354132795116823
m6: 891.2260248886861
m7: 1.5362429754530817
m8: 1.6408462206800105

R2: 0.9999942442017771
