m1: 2250.8600826872903
m2: 267.80000022865966
m3: 4.191344767147332
m4: 1.1829018259737107
m5: 0.18667289676981402
m6: 993.545507963723
m7: 1.5781872444572176
m8: 1.6089173110731967

R2: 0.9999842417372483
