m1: 2252.289663898721
m2: 535.600000457178
m3: 2.813056002125916
m4: 1.2652426962226342
m5: 0.1840313574271925
m6: 859.9529597460923
m7: 1.5132661179000264
m8: 1.657840136772065

R2: 0.9999943786211577
