m1: 2357.8468866700173
m2: 1054.746656833294
m3: 2.6225648204878538
m4: 1.2096065870101242
m5: 0.2838670734095755
m6: 628.4884551256002
m7: 2.1720170776418297
m8: 1.663643930056775

R2: 0.9999861824713419
