m1: 2452.9535749209167
m2: 1220.6852344969086
m3: 2.6453825435705363
m4: 1.1545887560903152
m5: 0.24122799239068338
m6: 596.0122280817054
m7: 1.9064127056538112
m8: 1.6578456876987249

R2: 0.9999954509823015
