m1: 2419.75956237439
m2: 1063.053021436098
m3: 2.755989839500517
m4: 1.1169989230872122
m5: 0.24190475492564315
m6: 657.1930358419229
m7: 2.0263158160687147
m8: 1.6065471574849886

R2: 0.999994188976293
