m1: 2386.4425843696545
m2: 1324.366430061184
m3: 2.498872586178681
m4: 1.2658657749308726
m5: 0.3814266525562706
m6: 511.60199040395423
m7: 1.99580662502165
m8: 1.7875627667030891

R2: 0.9999764950790472
