m1: 2359.63114405198
m2: 834.463178467427
m3: 2.847525009442125
m4: 1.1458710303406978
m5: 0.2084220552209816
m6: 745.1446667239532
m7: 1.81088401303672
m8: 1.5730704162367828

R2: 0.9999843415956152
