m1: 2403.2333799386415
m2: 1147.683924402469
m3: 2.6810235104123272
m4: 1.2219184634256195
m5: 0.2940579763476454
m6: 605.4549493266541
m7: 2.0513007933534726
m8: 1.707935230335677

R2: 0.9999916774611886
