m1: 2363.917409557722
m2: 909.3705770253783
m3: 2.7708163576679
m4: 1.2003967208154493
m5: 0.2932098145699876
m6: 705.6068570723494
m7: 2.0458530990822608
m8: 1.6197057383409945

R2: 0.9999847540256305
