m1: 2336.234344945077
m2: 789.4764357520038
m3: 2.7845619400333903
m4: 1.228615324355627
m5: 0.3060920581233781
m6: 756.0288701175515
m7: 1.8451776462393468
m8: 1.662906156632532

R2: 0.9999911165356008
