m1: 2246.3440752543074
m2: 811.5549673335131
m3: 2.9025164430339836
m4: 1.1057714956708706
m5: 0.3172344238889163
m6: 693.4066717296611
m7: 2.699262860425742
m8: 1.6623522561120512

R2: 0.9999628881254111
