m1: 2680.1544548976567
m2: 1258.935386061862
m3: 2.727497041475169
m4: 1.2387530384116479
m5: 0.22752031587407667
m6: 697.7402346206752
m7: 1.4300857739448016
m8: 1.8585834559287127

R2: 0.9999694250231432
