m1: 2424.856421054814
m2: 839.2842816072794
m3: 2.8457496329567786
m4: 1.184341742063535
m5: 0.22654341301245176
m6: 778.1757037583669
m7: 1.775498228915066
m8: 1.5944352315531682

R2: 0.9999924656606433
