m1: 2382.131364873225
m2: 889.1992510463891
m3: 2.7192976178992225
m4: 1.1807394880344246
m5: 0.22006754328557931
m6: 726.7123114746856
m7: 1.910339039145995
m8: 1.6155115964325575

R2: 0.9999917664481047
