m1: 2728.180965344485
m2: 1368.7945406026927
m3: 1.5770806704641447
m4: 1.838717648464587
m5: 0.20935962825301543
m6: 667.9765509030719
m7: 1.1384373144402935
m8: 3.326997501145094

R2: 0.9999946596081158
