m1: 2728.1364224325343
m2: 1368.7561453080584
m3: 1.5770979059602308
m4: 1.8387077962989373
m5: 0.209361310936159
m6: 667.9731885110839
m7: 1.1383823366954613
m8: 3.3269555639566706

R2: 0.9999946593515879
