m1: 2576.120361929317
m2: 1366.9351638287933
m3: 1.58082346136191
m4: 1.8331921721184525
m5: 0.21131285008045492
m6: 592.4344487541473
m7: 1.1962182498232306
m8: 3.230785517468878

R2: 0.9999944431054181
