m1: 2169.2363254509664
m2: 901.2467261269056
m3: 1.7966174956847996
m4: 1.7407281299740376
m5: 0.20845349821516648
m6: 624.2391848623104
m7: 1.0664285379367737
m8: 2.6087999999999996

R2: 0.9999885717208227
