m1: 2097.742739001813
m2: 788.1760689905708
m3: 1.860594458247508
m4: 1.7069858429517526
m5: 0.21079294432699733
m6: 644.5005450314318
m7: 1.1176189558290202
m8: 2.487936502162493

R2: 0.9999858892860831
