m1: 2313.172008269187
m2: 879.9763486797726
m3: 2.5881753641872827
m4: 1.3606442781187738
m5: 0.2852386503693184
m6: 716.0542414853971
m7: 1.3876769679880672
m8: 1.8222591105480712

R2: 0.9999906006580328
