m1: 2419.938297214448
m2: 1209.5032667465227
m3: 2.6402772518928304
m4: 1.2380603317252317
m5: 0.27031419199434603
m6: 582.6412777511407
m7: 2.0917715400828496
m8: 1.7196734358891488

R2: 0.9999853585117184
