m1: 2403.314417160188
m2: 1282.8767515125048
m3: 2.5311099889799045
m4: 1.2178940661981648
m5: 0.21832090687469907
m6: 538.6947344673023
m7: 2.0354524340807476
m8: 1.7096594679248431

R2: 0.9999904585179246
