m1: 2433.2683485125167
m2: 1023.41962062528
m3: 2.7243521487018145
m4: 1.1591632708999697
m5: 0.2048496015756567
m6: 689.627728286725
m7: 1.7124275665656394
m8: 1.620439042027058

R2: 0.9999983746119935
