m1: 2433.2720743138498
m2: 1022.9601565245431
m3: 2.7247113378721908
m4: 1.159102190121399
m5: 0.20484918307467773
m6: 689.8605818195651
m7: 1.7125025584449787
m8: 1.620315349033972

R2: 0.9999983745903548
