m1: 2339.6770403013106
m2: 409.9758686006656
m3: 3.6976945959014986
m4: 1.2184730689464611
m5: 0.2536399781768041
m6: 955.1730208807076
m7: 1.7334425027695304
m8: 1.6060924380104495

R2: 0.9999949726396853
