m1: 2401.6923759222836
m2: 803.4000000011516
m3: 2.9362586797492503
m4: 1.3095051867256906
m5: 0.246442631256131
m6: 792.3630499334491
m7: 1.536972153703216
m8: 1.711912685085586

R2: 0.9999945579501132
