m1: 2453.2640639516812
m2: 773.3599205806591
m3: 3.019445172511264
m4: 1.1483382829732312
m5: 0.21650075455870357
m6: 822.8705832830287
m7: 1.854516018304814
m8: 1.564120591135314

R2: 0.999990236712241
