m1: 2518.9336007764027
m2: 1160.0390103812942
m3: 2.7526926760209305
m4: 1.2037717451937116
m5: 0.2165839576716245
m6: 662.3897838398337
m7: 1.6972533800859195
m8: 1.6896841670434228

R2: 0.9999851842737694
