m1: 2403.467528092929
m2: 897.3022774958324
m3: 2.8533481022095977
m4: 1.1954078200644325
m5: 0.21707940432656467
m6: 733.3309882552402
m7: 1.9022401685035413
m8: 1.642300445302013

R2: 0.9999971550096459
