m1: 2402.8725039857977
m2: 944.3321478937767
m3: 2.790903363364683
m4: 1.2028382536222701
m5: 0.21628657500068466
m6: 709.7020464413874
m7: 1.9114242716574126
m8: 1.6527439568123332

R2: 0.999997190615579
