m1: 2424.5800360115704
m2: 1281.1678443709525
m3: 2.5759931565902474
m4: 1.205132262425201
m5: 0.30677655473103976
m6: 549.965561360307
m7: 2.0694661851277383
m8: 1.6894948849440135

R2: 0.9999841607708145
