m1: 2381.4956330666355
m2: 1094.0458009882004
m3: 2.621073199811629
m4: 1.2048148037212714
m5: 0.24013706717514513
m6: 621.2871306037886
m7: 2.0820268915884412
m8: 1.6835313274610775

R2: 0.9999923654939235
