m1: 2315.5816782010584
m2: 749.1199493703629
m3: 2.83992015931588
m4: 1.1973405609084071
m5: 0.20005411780312787
m6: 766.6582793930315
m7: 1.772631346178682
m8: 1.6263735379045108

R2: 0.9999962068038767
