m1: 2418.009624191382
m2: 1188.34289871807
m3: 2.7174115008173443
m4: 1.2210819461892202
m5: 0.27132049403653186
m6: 591.8287778403173
m7: 2.0890814927726593
m8: 1.7043719040992398

R2: 0.9999847156134375
