m1: 2427.5637953368373
m2: 1322.4147058162316
m3: 2.5524754553869213
m4: 1.1612214791718818
m5: 0.2881457551477922
m6: 531.9973274715699
m7: 2.02060749020927
m8: 1.6633623771427504

R2: 0.999995576999254
