m1: 2354.4218232031576
m2: 1044.1616898210573
m3: 2.6832704658745397
m4: 1.2344922238591811
m5: 0.21496988348184823
m6: 633.4736800617886
m7: 1.977138028703223
m8: 1.7039499054038028

R2: 0.9999949091797632
