m1: 2378.1198815109597
m2: 1114.758785565499
m3: 2.5886886741909536
m4: 1.154216769379779
m5: 0.23040496212474174
m6: 610.7054580283515
m7: 2.0108782109719767
m8: 1.640141797788835

R2: 0.999992130842337
