m1: 2320.953394635193
m2: 939.147608350831
m3: 2.54606269890659
m4: 1.1459027642650628
m5: 0.30206949988707366
m6: 673.6798276933827
m7: 1.8247113957654737
m8: 1.6135793341533935

R2: 0.999996917299077
