m1: 2408.889188872576
m2: 861.8486825477171
m3: 2.8044657287973256
m4: 1.194449427654698
m5: 0.23439191630320905
m6: 758.3076144581767
m7: 1.7524276184102539
m8: 1.6172332482885772

R2: 0.9999944367611397
