m1: 2396.3108305938804
m2: 806.3104958486676
m3: 2.7778914260483587
m4: 1.1848136603350745
m5: 0.23069610657147643
m6: 780.0677580933957
m7: 1.8037591535066153
m8: 1.6041416878775898

R2: 0.9999947009870402
