m1: 2333.8649661611057
m2: 980.0563842500762
m3: 2.5622256742259637
m4: 1.1233623254707898
m5: 0.3003266016680839
m6: 658.162484637017
m7: 1.924783097199071
m8: 1.5952053450398724

R2: 0.9999965008246151
