m1: 2301.8454511715736
m2: 438.21016498095696
m3: 3.5797788443552707
m4: 1.1550751247719344
m5: 0.2797203210315828
m6: 922.3208229385758
m7: 1.7152852203855635
m8: 1.5568135526036238

R2: 0.9999929183933642
