m1: 2342.489463290298
m2: 666.5440853573325
m3: 3.2156304152100215
m4: 1.222012788234966
m5: 0.27577394595858157
m6: 831.411450899557
m7: 1.562727835575401
m8: 1.6189783996635967

R2: 0.9999912853095019
