m1: 2258.32363622908
m2: 466.23178643858773
m3: 2.9641591560322937
m4: 1.0435885158736287
m5: 0.24646002594388267
m6: 873.9525626349516
m7: 2.327496376954524
m8: 1.4644612140717805

R2: 0.9997996376191904
