m1: 2463.7647977062825
m2: 932.3837859774417
m3: 2.814722377411651
m4: 1.1807692927679476
m5: 0.24303154697353144
m6: 746.7748399924617
m7: 1.8772031514523437
m8: 1.626613842438607

R2: 0.999989738860329
