m1: 2416.2523373544304
m2: 1688.357266047378
m3: 2.4530627685609754
m4: 1.1994593340103
m5: 0.1986636635701315
m6: 343.926291854829
m7: 2.411970089645369
m8: 1.8180816578613688

R2: 0.9999918633577499
