m1: 2434.076008841113
m2: 1125.5596004683796
m3: 2.67620213317442
m4: 1.1420864125763959
m5: 0.19836036819208155
m6: 635.2125915135994
m7: 1.8688009300174468
m8: 1.609057162849557

R2: 0.999993316927092
