m1: 2293.5159656704113
m2: 267.83098754192184
m3: 4.3139426315191125
m4: 1.0959406173397472
m5: 0.23000038978733922
m6: 1003.7599894752741
m7: 1.8156936843756606
m8: 1.4758276272917388

R2: 0.9999837081656324
