m1: 2347.1125388470446
m2: 472.850579887967
m3: 3.488847470808344
m4: 1.14536934817772
m5: 0.2282998747391872
m6: 928.6778438021029
m7: 1.6992872317473178
m8: 1.536093511787688

R2: 0.9999904911706798
