m1: 2700.893421009073
m2: 1518.4008224519087
m3: 2.5952552012956267
m4: 1.1863562402543908
m5: 0.20835017153469382
m6: 573.5282245437787
m7: 1.5428490897116336
m8: 1.9055724880854141

R2: 0.9999802959107372
