m1: 2466.8482766160614
m2: 1012.2671188176531
m3: 2.8394420620871297
m4: 1.1211223345500694
m5: 0.20848346492452424
m6: 709.5232702670687
m7: 1.80556122858755
m8: 1.582612098072319

R2: 0.9999913250603621
