m1: 2320.744938908828
m2: 1052.0228029207308
m3: 2.5413495613011836
m4: 1.1880748433723127
m5: 0.2962640857209763
m6: 613.7425042121437
m7: 2.0643712823491582
m8: 1.6525605607736518

R2: 0.9999964716747133
