m1: 2437.2374240815657
m2: 1161.1023782903446
m3: 2.645045927794167
m4: 1.1887500740608254
m5: 0.3318800204313366
m6: 617.4526597940919
m7: 2.0248490219847572
m8: 1.6570265612396704

R2: 0.9999960939110795
