m1: 2238.4468969306777
m2: 267.8000000000924
m3: 4.073785338888324
m4: 1.2694647249250104
m5: 0.25406847085792716
m6: 984.9389047584939
m7: 1.609640316337218
m8: 1.6855533923241248

R2: 0.9999920808281291
