m1: 2231.5542243016857
m2: 318.8393558551967
m3: 3.368719665412766
m4: 1.279644818148769
m5: 0.2585268061237537
m6: 954.8153162344084
m7: 1.6160594125177241
m8: 1.6874230334256526

R2: 0.9999926545842432
