m1: 2378.0860784286083
m2: 775.8007073903134
m3: 2.8248123160640937
m4: 1.1492380920890517
m5: 0.2429707427371532
m6: 787.2707081071885
m7: 1.777689203774292
m8: 1.5623841527064137

R2: 0.9999922267489771
