m1: 2302.455353073727
m2: 1163.7053961361926
m3: 2.471568958801796
m4: 1.1643241000678914
m5: 0.24843419389690866
m6: 550.752438153644
m7: 2.211918904784439
m8: 1.6126399257840995

R2: 0.9999647376995883
