m1: 2444.2341351981204
m2: 1232.667082892959
m3: 2.5967887681863995
m4: 1.2252625572632148
m5: 0.19784044273166712
m6: 587.9898371619335
m7: 1.8056772671416141
m8: 1.7065271828062631

R2: 0.9999866971721432
