m1: 2366.930998135719
m2: 1155.605000462228
m3: 2.6661731077655446
m4: 1.2095529158075988
m5: 0.1993937108085693
m6: 586.7302256259738
m7: 1.8903490603292856
m8: 1.6492640049543277

R2: 0.9999517801978677
