m1: 2439.924482707825
m2: 1347.4487520008342
m3: 2.6452305097549558
m4: 1.2436180570026867
m5: 0.27236572205870613
m6: 523.8507187825298
m7: 2.072859206388387
m8: 1.7778132238478759

R2: 0.999989487544506
