m1: 2342.5656483539806
m2: 1176.6820213201374
m3: 2.614645212801195
m4: 1.2041900663434324
m5: 0.30410939653214347
m6: 559.4192323251059
m7: 2.143448696869237
m8: 1.6956875042676889

R2: 0.9999969083408833
