m1: 2452.9582242249376
m2: 1378.5212033161338
m3: 2.4881578494934766
m4: 1.2383514444396848
m5: 0.3365412202658895
m6: 518.5604865441205
m7: 1.941044008745931
m8: 1.7657430790714388

R2: 0.9999942709366849
