m1: 2305.6412911997613
m2: 627.6304403829457
m3: 2.988341818802732
m4: 1.252635740288772
m5: 0.3129447955360706
m6: 827.9992620138777
m7: 1.6657761769213124
m8: 1.650311947452902

R2: 0.9999967411643729
