m1: 2337.219660518688
m2: 941.4688174803861
m3: 2.672117773207827
m4: 1.3270929492764534
m5: 0.30741137455249073
m6: 688.711789638424
m7: 1.5282133374132332
m8: 1.7256225593158354

R2: 0.9999945733152096
