m1: 2237.3871556539157
m2: 614.9772516712213
m3: 2.836637906572709
m4: 1.3016793425610427
m5: 0.24986281715663652
m6: 809.8700902346156
m7: 1.4836417587806667
m8: 1.721069295489297

R2: 0.999969881291921
