m1: 2358.74545216855
m2: 734.7387152639881
m3: 2.7562419809329692
m4: 1.1806822521051452
m5: 0.2530124564724744
m6: 800.6359629757587
m7: 1.649601862656315
m8: 1.6138931902790568

R2: 0.9999763792739315
