m1: 2418.5953477067414
m2: 1529.1600364452934
m3: 2.537606791107761
m4: 1.1985703818707187
m5: 0.2552375883707652
m6: 423.273935105832
m7: 2.2033479555573687
m8: 1.7726084420004653

R2: 0.9999892092764069
