m1: 2472.561290934973
m2: 1257.4873049688506
m3: 2.589119852742253
m4: 1.2254935107741145
m5: 0.2453061714453071
m6: 588.572302863237
m7: 1.8718001794687358
m8: 1.7198094580850165

R2: 0.99999560780177
