m1: 2457.813472608513
m2: 1205.6934402885718
m3: 2.6277913934197774
m4: 1.2122536226397436
m5: 0.24655323714068939
m6: 606.3854837646696
m7: 1.9161074985374338
m8: 1.7004654188281674

R2: 0.99999519467175
