m1: 2464.31329900663
m2: 1168.210162135125
m3: 2.6575155035782845
m4: 1.2103078872467947
m5: 0.2464686824684517
m6: 628.5831711110843
m7: 1.882651634620727
m8: 1.69190877026909

R2: 0.999995389885948
