m1: 2387.656722552013
m2: 982.8276291923421
m3: 2.6277681148177376
m4: 1.244892101761004
m5: 0.25663253210856163
m6: 687.4280763211272
m7: 1.7537230100648782
m8: 1.6687266457035264

R2: 0.999991304435942
