m1: 2346.1053431445557
m2: 491.43433578962964
m3: 3.1027021684028635
m4: 1.1650311920397751
m5: 0.25808532128049216
m6: 912.48996087859
m7: 1.8755421762959439
m8: 1.5521240493340602

R2: 0.9999866611618738
