m1: 2417.1604182506844
m2: 1059.009336626931
m3: 2.6133521159410495
m4: 1.1333693024460247
m5: 0.30598540027415355
m6: 663.6821071234647
m7: 1.7726907081911298
m8: 1.6017640602771954

R2: 0.9999959147392825
