m1: 2404.6421381071073
m2: 891.7612801324965
m3: 2.7382134213824245
m4: 1.1115504413318182
m5: 0.30578930088108497
m6: 741.5875863307497
m7: 1.784372854356225
m8: 1.5544213509128284

R2: 0.999995885888192
