m1: 2464.7459287275933
m2: 1508.854989503976
m3: 2.4706483149781833
m4: 1.2379429523818724
m5: 0.2632933336613708
m6: 458.56516061343456
m7: 1.979169405977703
m8: 1.7842790589962874

R2: 0.999998183158883
