m1: 2491.412226267327
m2: 1370.379450824983
m3: 2.5589361535493462
m4: 1.218994867795322
m5: 0.22363108671598853
m6: 541.599346368395
m7: 1.8331334111112119
m8: 1.7366586294857167

R2: 0.9999913843935737
