m1: 2468.895517646631
m2: 1206.8171045600832
m3: 2.6192380499689145
m4: 1.2068205787925506
m5: 0.2222368807540587
m6: 613.2456971324781
m7: 1.8123079082158677
m8: 1.6683033491650598

R2: 0.9999917764018535
