m1: 2511.343437556621
m2: 1455.4292938592205
m3: 2.522224792046043
m4: 1.2566664213550833
m5: 0.2895039471293712
m6: 507.8676933040619
m7: 1.9042503001822257
m8: 1.816663209090232

R2: 0.9999890778238452
