m1: 2454.4011250705803
m2: 1046.2181160869202
m3: 2.724289027768972
m4: 1.1911871286536868
m5: 0.28978537760972173
m6: 683.7149045648417
m7: 1.9671146825902048
m8: 1.6722094478746354

R2: 0.9999817284884422
