m1: 3062.344806344502
m2: 1554.9550581554083
m3: 2.4961834742402957
m4: 1.2965330400805324
m5: 0.22552493520509914
m6: 743.6893064593429
m7: 1.1590042786126782
m8: 2.3089875787416325

R2: 0.9999739343014225
