m1: 2418.6987389696483
m2: 1036.8258759357102
m3: 2.6272143263719085
m4: 1.2261899146066928
m5: 0.22781523240161236
m6: 676.1724689372859
m7: 1.725320738293656
m8: 1.6761086398301437

R2: 0.9999915312332867
