m1: 2359.151294408312
m2: 786.1576080599812
m3: 2.8514316924908534
m4: 1.3030378643440002
m5: 0.2136961553410843
m6: 768.9166917262047
m7: 1.7690993062696352
m8: 1.757788270214718

R2: 0.9999957797645078
