m1: 2289.1539780323474
m2: 787.2443363067515
m3: 2.603692537475228
m4: 1.2982935318546673
m5: 0.2509720717626368
m6: 753.7433281126166
m7: 1.3812342149484496
m8: 1.7180497095760776

R2: 0.9999891825862586
