m1: 2376.6349723409007
m2: 586.4209335801366
m3: 3.1822261288433324
m4: 1.181181662658333
m5: 0.35854621001619646
m6: 876.7499576876652
m7: 1.9482792180579953
m8: 1.619700602904991

R2: 0.9999862621063424
