m1: 2474.303096502571
m2: 879.6306751714174
m3: 2.8790054944737435
m4: 1.2458672581397847
m5: 0.35783506720602287
m6: 778.4943247087313
m7: 1.8438796988063377
m8: 1.7209175912091998

R2: 0.999949802110975
