m1: 2429.034599073129
m2: 1319.9706222748105
m3: 2.1964186112938244
m4: 1.4738472157158953
m5: 0.2876017740165786
m6: 553.2492143111585
m7: 1.1892624286936242
m8: 2.111363325757531

R2: 0.9999756295313222
