m1: 2393.0117387379455
m2: 1328.9548502727425
m3: 2.502421007145335
m4: 1.293572584751492
m5: 0.3013156928185391
m6: 512.4189085197985
m7: 1.9774371251914629
m8: 1.8239968425214759

R2: 0.9999938293570705
