m1: 2437.5886881537817
m2: 861.1311831055021
m3: 2.872839182229956
m4: 1.1512503151094955
m5: 0.19353306624115807
m6: 774.619137264349
m7: 1.7235556402707333
m8: 1.5762561246736773

R2: 0.9999967916090087
