m1: 2430.9240873298504
m2: 809.969306397568
m3: 2.9276214870970714
m4: 1.1438724079314473
m5: 0.1938000243100067
m6: 796.8410799044079
m7: 1.738378424617058
m8: 1.5618978777312102

R2: 0.999996750152916
