m1: 2271.149184369794
m2: 535.6000000002972
m3: 3.167107094266525
m4: 1.1520780343696715
m5: 0.2061156173110109
m6: 854.783997374005
m7: 1.7183146327079417
m8: 1.5778266293494898

R2: 0.9999964829284821
