m1: 2409.3068083880657
m2: 1246.8733446422452
m3: 2.5874970836204367
m4: 1.2292587435574418
m5: 0.24983667620317543
m6: 561.8031556101603
m7: 1.8982677896918005
m8: 1.6874814383634318

R2: 0.9999783354894424
