m1: 2444.539715695048
m2: 1215.3050512140758
m3: 2.587182558029257
m4: 1.225913551209963
m5: 0.2485534973470348
m6: 595.8744719098372
m7: 1.882271047034073
m8: 1.6957923233383074

R2: 0.999992283878547
