m1: 2342.472044325508
m2: 776.3935799438763
m3: 2.8123520168375853
m4: 1.3090606674424816
m5: 0.3069654088475037
m6: 771.969948769007
m7: 1.5946830407278687
m8: 1.7529061882527932

R2: 0.9999947287738057
