m1: 2398.584548035579
m2: 775.3300655992791
m3: 2.8579096274251437
m4: 1.2364981512437745
m5: 0.24542473723709732
m6: 796.6862880941399
m7: 1.7920764398758016
m8: 1.6484536635984433

R2: 0.9999951678880055
