m1: 2376.2883534221405
m2: 452.65327301899197
m3: 3.5091517023310854
m4: 1.175567687238193
m5: 0.24633013021317204
m6: 947.6349155587645
m7: 1.8467388520778638
m8: 1.579698706410612

R2: 0.9999941629000223
