m1: 2387.0376824605846
m2: 1125.2604448392115
m3: 2.5896996061260227
m4: 1.174309468155252
m5: 0.20894515159771926
m6: 610.8042435258349
m7: 1.938213808728074
m8: 1.6458959344472333

R2: 0.9999919198758143
