m1: 2455.804637515284
m2: 956.115211923356
m3: 2.782016689601791
m4: 1.1676785812342392
m5: 0.215255399080968
m6: 735.9128130496669
m7: 1.7224068965324597
m8: 1.6030978074290665

R2: 0.9999943471569794
