m1: 2448.2717359088015
m2: 905.8597655022003
m3: 2.889523702356111
m4: 1.1584161344851651
m5: 0.21687737955395703
m6: 756.7213881767034
m7: 1.7306245083612988
m8: 1.5881205987168732

R2: 0.9999939122863427
