m1: 2359.4553454768134
m2: 947.0230188573378
m3: 2.7138842271610937
m4: 1.2570117486595198
m5: 0.21870205092030173
m6: 688.0845075121537
m7: 1.7806295824863732
m8: 1.7239561639170717

R2: 0.9999962674876202
