m1: 2260.8101436493826
m2: 535.6000001779177
m3: 2.9213559790302734
m4: 1.3214325003564251
m5: 0.24662908583208298
m6: 861.773120185286
m7: 1.5481820512581617
m8: 1.691679603530616

R2: 0.9999834405914539
