m1: 2184.4397525830313
m2: 723.6139057146081
m3: 2.496017611965366
m4: 1.3744572644829587
m5: 0.2702735309023981
m6: 721.5921345763336
m7: 1.5175887390459695
m8: 1.8310418906454569

R2: 0.9999972457149906
