m1: 2381.824850562664
m2: 1229.948561794745
m3: 2.549791295091713
m4: 1.1611482093305672
m5: 0.1846832587908658
m6: 554.2677529273495
m7: 2.082476922046235
m8: 1.6448358751208612

R2: 0.9999961843277841
