m1: 2306.764051654011
m2: 546.3314893155247
m3: 3.019719652626023
m4: 1.191389935154837
m5: 0.2648533914389944
m6: 863.9542112139802
m7: 1.822013934333483
m8: 1.6333296595959337

R2: 0.999997192100662
