m1: 2431.4676658339404
m2: 1451.0452157194995
m3: 2.5295355137958784
m4: 1.20280568010271
m5: 0.2588178379627874
m6: 470.2076882449901
m7: 2.0599321010002343
m8: 1.760046854406236

R2: 0.9999848523354761
