m1: 2372.243897009066
m2: 658.7601331026761
m3: 2.9207119523869562
m4: 1.2341707828178343
m5: 0.2840733419598486
m6: 846.1694141534044
m7: 1.6467945625633706
m8: 1.666024734210338

R2: 0.9999930043875246
