m1: 2350.0431581663943
m2: 1107.7366725868947
m3: 2.5895214909972903
m4: 1.173984496244339
m5: 0.2934293181949852
m6: 598.586994851274
m7: 2.1461900090129866
m8: 1.6609157795529321

R2: 0.9999969520350824
