m1: 2411.6317076828445
m2: 757.4939542851939
m3: 2.996549854135443
m4: 1.1886370745305872
m5: 0.2024350002342456
m6: 813.2298857029326
m7: 1.7387998713082384
m8: 1.6124712165244728

R2: 0.9999880526525499
