m1: 2503.555597426575
m2: 1136.252270371559
m3: 2.74774582728102
m4: 1.2397559005085381
m5: 0.20467505967375588
m6: 669.3502701392399
m7: 1.5547244872103188
m8: 1.7648296821756477

R2: 0.9999558222251588
