m1: 2396.6118664504547
m2: 829.8732735923206
m3: 2.7531649532178286
m4: 1.2435485376261635
m5: 0.2727533925516112
m6: 773.0611590021153
m7: 1.6102496071394319
m8: 1.6663231829395748

R2: 0.9999933417887445
