m1: 2160.334509076226
m2: 610.953491095928
m3: 2.597162993030872
m4: 1.2832954493804691
m5: 0.19517832263758786
m6: 767.2559040682518
m7: 1.5467017772532663
m8: 1.6948554650368397

R2: 0.999997318658702
