m1: 2343.039162851773
m2: 1111.5540845245175
m3: 2.5016817992233995
m4: 1.1607356024166728
m5: 0.2291790594005465
m6: 597.2391623593504
m7: 1.857168200162549
m8: 1.6645752447719746

R2: 0.9999961035153001
