m1: 2380.4418549504016
m2: 1001.397909040611
m3: 2.672439234001417
m4: 1.2122897233039742
m5: 0.26882542670207504
m6: 672.1230447848858
m7: 1.8192168872625878
m8: 1.6806509845171729

R2: 0.9999920083431875
