m1: 2271.658832367771
m2: 825.4776395801998
m3: 2.4422481634072937
m4: 1.4329065129643221
m5: 0.3579081528099048
m6: 718.8262918705003
m7: 1.4593109775564963
m8: 1.8868421170426082

R2: 0.9999923743330961
