m1: 2520.4784820419386
m2: 1238.2504255689003
m3: 2.2396582008783774
m4: 1.4963064638642043
m5: 0.34840529911655566
m6: 639.3091375212898
m7: 1.1874555684460755
m8: 2.228304664036502

R2: 0.9999797958240478
