m1: 2445.678346586337
m2: 1474.684238326444
m3: 2.4651328728066
m4: 1.2927565232855789
m5: 0.2767232295495051
m6: 465.7180093826616
m7: 2.0324307077993806
m8: 1.8460475159521734

R2: 0.9999893888857707
