m1: 2428.4136819828477
m2: 1429.8490282923422
m3: 2.548066117150057
m4: 1.1918226259203963
m5: 0.2151794952522231
m6: 477.5652058139018
m7: 2.09224297892863
m8: 1.707563430486549

R2: 0.9999949674613111
