m1: 2372.0571140742195
m2: 858.8630945543064
m3: 2.791128000251629
m4: 1.1578651679282175
m5: 0.25235056063899575
m6: 740.7809751411563
m7: 1.761672110148769
m8: 1.6053361835813378

R2: 0.9999972519140021
