m1: 2374.4190197948283
m2: 908.6538201051428
m3: 2.717901260061402
m4: 1.166820664113907
m5: 0.25084599833025845
m6: 717.4506824155799
m7: 1.761740579927714
m8: 1.6187192825787933

R2: 0.9999973495415858
