m1: 2017.312997732562
m2: 913.9720187210377
m3: 1.778175380218716
m4: 1.72758966296681
m5: 0.22297526706289952
m6: 541.3104138619057
m7: 1.1625306528284098
m8: 2.4063467497807958

R2: 0.9999980268259088
