m1: 2022.8672232327092
m2: 975.5939442032742
m3: 1.7418758036748094
m4: 1.7401195296969472
m5: 0.22257940754384345
m6: 513.1646783120315
m7: 1.1612449424315574
m8: 2.4426243198459794

R2: 0.9999980612082354
