m1: 2156.5627663158607
m2: 718.8149698632382
m3: 2.5040531872583425
m4: 1.3004370309576259
m5: 0.24924386010529995
m6: 710.4599239993952
m7: 1.544776180100654
m8: 1.7255327669317058

R2: 0.9999955496743594
