m1: 2451.4980330596923
m2: 1180.4956901328815
m3: 2.671644652915123
m4: 1.1823636860318554
m5: 0.19574029119959924
m6: 615.6436554315343
m7: 1.84688391115691
m8: 1.6736044388284195

R2: 0.9999978012674813
