m1: 2451.1053937989636
m2: 1178.1424454634214
m3: 2.67269531945748
m4: 1.182083387484593
m5: 0.19573888058461833
m6: 616.6267329209863
m7: 1.8474108087581902
m8: 1.6726677341836291

R2: 0.9999978009694925
