m1: 2430.925208591227
m2: 1373.6862538202788
m3: 2.5490517649831963
m4: 1.1491609627283985
m5: 0.2553662406114237
m6: 507.2551132442226
m7: 2.0465596344368686
m8: 1.6573257506170003

R2: 0.9999961343791306
