m1: 2162.371093004548
m2: 629.5993636226061
m3: 2.7057667004083554
m4: 1.3132869314896998
m5: 0.26825447650226203
m6: 758.3005229581979
m7: 1.5439872801641765
m8: 1.7329415188544348

R2: 0.9999880114104882
