m1: 2138.1082437814607
m2: 536.1048760718779
m3: 2.746661751588732
m4: 1.3284794303492027
m5: 0.20346431296884837
m6: 792.5806280332525
m7: 1.5872082324777477
m8: 1.7315508184276776

R2: 0.9999844464288087
