m1: 2275.639078156153
m2: 706.7706654113265
m3: 2.82941563535844
m4: 1.2453547133228937
m5: 0.3775454193651486
m6: 770.9422444819105
m7: 1.6957533516719716
m8: 1.6545909125136196

R2: 0.9999844280803356
