m1: 2206.5302645620127
m2: 239.9290472191804
m3: 4.133685731604349
m4: 1.2098479349906281
m5: 0.2936700639992605
m6: 983.4773985352566
m7: 1.6242532494989692
m8: 1.6258138976195267

R2: 0.9999947329053555
