m1: 2279.748718642866
m2: 901.7011355298715
m3: 2.3728242064885254
m4: 1.3544898446512528
m5: 0.3011281285499629
m6: 688.0107017953261
m7: 1.4298144971399849
m8: 1.7849261192205392

R2: 0.9999974603498013
