m1: 2214.941185989763
m2: 303.2815224178681
m3: 3.566682902159496
m4: 1.2322588793058604
m5: 0.29720107076565877
m6: 955.8147739688422
m7: 1.6032439043432725
m8: 1.6370328359933741

R2: 0.999995355861187
