m1: 2436.5555517956486
m2: 1007.1346308367768
m3: 2.725587027493768
m4: 1.1448074711260137
m5: 0.23516283644173594
m6: 698.0332799543703
m7: 1.830834365412887
m8: 1.580209015268913

R2: 0.9999893392028321
