m1: 2400.486071042971
m2: 966.3966173925942
m3: 2.767876828895671
m4: 1.1381925712460494
m5: 0.23611089591281004
m6: 699.6502844984642
m7: 1.8728303358049754
m8: 1.5527054826688005

R2: 0.9999845726849914
