m1: 2390.49945129391
m2: 1153.147427708196
m3: 2.5889441884051574
m4: 1.209049716005234
m5: 0.3138944232252288
m6: 599.8925884200055
m7: 1.9018126816850973
m8: 1.6875396296712635

R2: 0.999994611161016
