m1: 2397.865256811743
m2: 1165.9854181242636
m3: 2.5865367296871167
m4: 1.214390214732938
m5: 0.3134707717634728
m6: 597.5354275811953
m7: 1.8620046534920311
m8: 1.694641251160173

R2: 0.9999948796484893
