m1: 2397.8651537191745
m2: 1165.959358489011
m3: 2.5865524537235074
m4: 1.2143875468233354
m5: 0.3134707109263817
m6: 597.548501314137
m7: 1.8619963998287405
m8: 1.694633511855165

R2: 0.9999948796416024
