m1: 2397.865410737172
m2: 1165.953866625056
m3: 2.5865559696826987
m4: 1.2143870905905203
m5: 0.31347068521202465
m6: 597.5514066433584
m7: 1.8619934901104815
m8: 1.6946320027390482

R2: 0.9999948796414799
