m1: 2397.8652055602283
m2: 1165.9560125064936
m3: 2.586554507446017
m4: 1.2143872301458891
m5: 0.3134706993487923
m6: 597.5502152919001
m7: 1.8619950689187097
m8: 1.694632546501245

R2: 0.9999948796410301
