m1: 2347.6270779876213
m2: 906.8060664830357
m3: 2.6704822728367192
m4: 1.2104415075701234
m5: 0.26001995708830805
m6: 699.9409787896664
m7: 1.9628359275063632
m8: 1.683183297704456

R2: 0.999997214448639
