m1: 2154.7361778330833
m2: 535.600000000045
m3: 2.6758206332910546
m4: 1.2856180250486067
m5: 0.23957724676770542
m6: 802.1173451347373
m7: 1.5613540968921211
m8: 1.7105773461439746

R2: 0.9999962692644478
