m1: 2264.0588573805094
m2: 660.5341389491184
m3: 2.767280445586819
m4: 1.1626373692311098
m5: 0.23590315614057564
m6: 789.2143305803252
m7: 1.6549555907249305
m8: 1.6151896206592513

R2: 0.9999969582952072
