m1: 2440.2938881073646
m2: 876.4013954427243
m3: 2.9643581889033874
m4: 1.1254380998525904
m5: 0.2121019008388916
m6: 766.9738305109256
m7: 1.753129316538395
m8: 1.5562376177386381

R2: 0.9999856669349937
