m1: 2371.5531515311877
m2: 649.061949935165
m3: 3.17802938838677
m4: 1.0833263092629093
m5: 0.21227328916563323
m6: 845.6318012927467
m7: 1.8736039849582058
m8: 1.4855815756791364

R2: 0.9999514704213186
