m1: 2407.77437618607
m2: 1447.9680708090773
m3: 2.526704314633943
m4: 1.2063084952526872
m5: 0.2621528044094966
m6: 459.51433514025524
m7: 2.1218909663597505
m8: 1.7395994744890904

R2: 0.999995901976464
