m1: 2485.4884309725708
m2: 1064.9751676959504
m3: 2.7501405062935818
m4: 1.1787471941860548
m5: 0.22118413590341468
m6: 691.7941324485332
m7: 1.8241947769471998
m8: 1.6382478165412484

R2: 0.9999928758084733
