m1: 2784.828120776701
m2: 1597.4628914993975
m3: 2.5291075615792624
m4: 1.2468246433621388
m5: 0.22099009685062407
m6: 575.541675973995
m7: 1.5219381162829029
m8: 2.018951599153263

R2: 0.9999802523987669
