m1: 2390.8199146709767
m2: 771.7104233813461
m3: 2.91508232585988
m4: 1.2106451952403217
m5: 0.2240495067726153
m6: 793.7051736366368
m7: 1.7929784901387815
m8: 1.6464473054791031

R2: 0.9999954706086019
