m1: 2331.610171566211
m2: 385.94047666665716
m3: 3.4201901344864036
m4: 1.1095782085661632
m5: 0.22639837435818036
m6: 955.7430926507164
m7: 1.9655495001547076
m8: 1.5478707977594495

R2: 0.9999871431612983
