m1: 2372.267557809578
m2: 638.3293073427028
m3: 3.032209651273969
m4: 1.174882505074239
m5: 0.2755813155633913
m6: 849.6819681252211
m7: 1.878339026908335
m8: 1.6119367123328199

R2: 0.9999937462253197
