m1: 2384.6447221295025
m2: 807.6665456370629
m3: 2.8258745546789172
m4: 1.2073282207971718
m5: 0.27387085077555756
m6: 771.5704909917654
m7: 1.8440473724854949
m8: 1.6541532723522778

R2: 0.9999947826858977
