m1: 2369.098431356984
m2: 638.976133752293
m3: 2.9700335142558347
m4: 1.2221095045195296
m5: 0.2546545498666886
m6: 854.4681503500261
m7: 1.6367717119849892
m8: 1.6629655155147187

R2: 0.9999744991602517
