m1: 2306.8038379763902
m2: 535.6000000140499
m3: 2.9259939526163383
m4: 1.2023029416376818
m5: 0.2913553380265026
m6: 868.9353049369737
m7: 1.8678512420004267
m8: 1.608415980183054

R2: 0.9999868383279382
