m1: 2401.8229174300013
m2: 790.8517564669604
m3: 2.8223530036743045
m4: 1.2052533489802575
m5: 0.2682470387017759
m6: 789.4793687212865
m7: 1.8247574975379488
m8: 1.6406719941537349

R2: 0.9999952444113303
