m1: 2342.6618302043025
m2: 395.42699855431283
m3: 3.278073505938164
m4: 1.0943250685311758
m5: 0.2712902881550454
m6: 956.0731059583501
m7: 1.9987580474794855
m8: 1.5421426148929434

R2: 0.999988001049066
