m1: 2345.8118914182915
m2: 731.1165190641055
m3: 2.8266009331108113
m4: 1.2354776858959502
m5: 0.25791819636760155
m6: 792.0671998588401
m7: 1.817300200521342
m8: 1.6388645990464965

R2: 0.9999950621926325
