m1: 2352.633417446156
m2: 745.2743153545491
m3: 2.7942270061511105
m4: 1.2287865491911225
m5: 0.2587362114481485
m6: 787.9970222488348
m7: 1.8344945802979145
m8: 1.647660432272409

R2: 0.9999959205604638
