m1: 2335.619152428043
m2: 702.7453895069383
m3: 2.906239444532515
m4: 1.2549317882972253
m5: 0.3921321092755765
m6: 804.2809463638346
m7: 1.645737242837873
m8: 1.6969138814636715

R2: 0.9999833215586289
