m1: 2410.7207338890316
m2: 1344.8827428962552
m3: 2.445271616457363
m4: 1.2607158936501524
m5: 0.311701317212749
m6: 513.5734438089598
m7: 1.9669756928598212
m8: 1.784266086351989

R2: 0.9999879781891039
