m1: 2328.359736442953
m2: 1377.6796875863065
m3: 2.3998931720133774
m4: 1.337764052693081
m5: 0.5196091363418647
m6: 456.34712982972457
m7: 1.9880502249285317
m8: 1.8866713440345173

R2: 0.9999979698653276
