m1: 2324.416940033972
m2: 808.6392960456748
m3: 2.798856581246591
m4: 1.1864499298837112
m5: 0.2767148915413502
m6: 740.313738596752
m7: 1.822475924988419
m8: 1.6151656316762064

R2: 0.9999850939464632
