m1: 2432.414328552727
m2: 1061.9353407521937
m3: 2.683781384420121
m4: 1.2708030672141135
m5: 0.2765701008133353
m6: 668.0538146451162
m7: 1.7713127848981396
m8: 1.7425900268487433

R2: 0.9999786163417749
