m1: 2430.291413765263
m2: 1352.2747685459553
m3: 2.580447839607785
m4: 1.1571983482983752
m5: 0.2830460957441444
m6: 516.9643203311444
m7: 2.10623312502694
m8: 1.6671937321055417

R2: 0.9999977067600498
