m1: 2401.003356471297
m2: 1218.228435088924
m3: 2.607825722777459
m4: 1.183937907284888
m5: 0.24066009324477644
m6: 570.9081523313171
m7: 1.9913847211962794
m8: 1.6767347697240276

R2: 0.9999855264880653
