m1: 2480.7201467277114
m2: 649.2140674002086
m3: 2.184937114224683
m4: 1.6520679474389992
m5: 0.3580293581764579
m6: 909.2913814613883
m7: 1.0228805651321802
m8: 2.6087999999999996

R2: 0.9997715049426419
