m1: 22462.332474775587
m2: 1728.760201226375
m3: 1.4731129735255684
m4: 1.9405965368516986
m5: 0.3527956365385024
m6: 10357.380848493298
m7: 6.688772153101774
m8: 3.3626936899764166

R2: 0.999968250445403
