m1: 2354.6399788121407
m2: 1025.9025074719218
m3: 2.601818988681018
m4: 1.202056790335974
m5: 0.24160762024375843
m6: 642.6666101477261
m7: 2.1031115224225276
m8: 1.6607378877649215

R2: 0.9999921632311519
