m1: 2312.992299828134
m2: 1010.3533833696187
m3: 2.515038978412681
m4: 1.1979392213810005
m5: 0.29823220039366816
m6: 631.9688243895687
m7: 1.993611113481737
m8: 1.6506233738343496

R2: 0.9999972099006618
