m1: 1998.576057219697
m2: 1156.8723855352373
m3: 1.6332618426480878
m4: 1.7075949633159124
m5: 0.2307376108815583
m6: 409.9649906392209
m7: 1.200539337813659
m8: 2.5040244329389463

R2: 0.9999989759651532
