m1: 1990.7925930543588
m2: 960.0686915516181
m3: 1.7250710543204264
m4: 1.672359725830962
m5: 0.23143822024577135
m6: 505.0770595562487
m7: 1.1587359097339958
m8: 2.374451932028664

R2: 0.9999988826928323
