m1: 2245.417040459303
m2: 425.3948029180061
m3: 3.074265510100802
m4: 1.2796971785477866
m5: 0.21379031391250075
m6: 910.148097731825
m7: 1.5715563551597636
m8: 1.6675955376966822

R2: 0.9999920086811338
