m1: 2251.5848912913502
m2: 267.80543300915815
m3: 3.809708594529658
m4: 1.2064133194820517
m5: 0.21427694075432893
m6: 992.0868988446414
m7: 1.617407577843862
m8: 1.646594526689548

R2: 0.9999858227569733
