m1: 2321.2015272345684
m2: 908.2259334651403
m3: 2.464224708082141
m4: 1.4384729946415744
m5: 0.26703109856624524
m6: 704.1621075838663
m7: 1.3887308347353486
m8: 1.8880126628232339

R2: 0.9999779208142826
