m1: 2161.213814127805
m2: 599.3476144784679
m3: 2.633560407351218
m4: 1.363327547879104
m5: 0.2573793557515739
m6: 772.474392230682
m7: 1.5489000409509799
m8: 1.8023370758353705

R2: 0.999995954565845
