m1: 2314.4639335189636
m2: 430.40869286272977
m3: 3.227351745530315
m4: 1.0933767304696678
m5: 0.271923439920577
m6: 922.6656813632126
m7: 2.092318854105384
m8: 1.5325636111354304

R2: 0.9999780845631677
