m1: 2417.6325439257193
m2: 860.8054657075828
m3: 2.889228054854961
m4: 1.2088403051461165
m5: 0.2704884202295548
m6: 760.6528932717034
m7: 1.8226221260566753
m8: 1.659685304781116

R2: 0.9999939437935267
