m1: 2423.262196342849
m2: 1444.1500516473307
m3: 2.4345805907816525
m4: 1.1776865948581685
m5: 0.22952991287168903
m6: 472.2684120752602
m7: 1.9039458271178629
m8: 1.7191241719369255

R2: 0.9999955036902829
