m1: 2406.246113733409
m2: 1356.3194858455736
m3: 2.4595799410427643
m4: 1.1633498758749172
m5: 0.22956258157556444
m6: 507.54990717491654
m7: 1.941090487897649
m8: 1.6786602276620997

R2: 0.9999951333618583
