m1: 2332.7233858195173
m2: 535.6000001771874
m3: 3.236760850813768
m4: 1.2263056819735856
m5: 0.28944330890522096
m6: 886.3305609569909
m7: 1.7060733033661621
m8: 1.6708573683379193

R2: 0.999976668853841
