m1: 2425.496731232696
m2: 1174.7096089553163
m3: 2.6353374157801115
m4: 1.2572769454987613
m5: 0.2700788053441991
m6: 605.9349934828972
m7: 1.954245155214811
m8: 1.7361591822470126

R2: 0.9999820589285641
