m1: 2139.9802098459154
m2: 535.6000000039422
m3: 2.677326064360467
m4: 1.226785801605309
m5: 0.3090737473490751
m6: 795.1459321248738
m7: 1.556553148678949
m8: 1.6465435818724548

R2: 0.9999961061263984
