m1: 2153.6262008281674
m2: 1412.8393320366242
m3: 2.0776498163373045
m4: 1.4795587703019253
m5: 0.29270875273441305
m6: 357.42038162486665
m7: 1.8824231907623263
m8: 2.0925948858553007

R2: 0.9999967524201259
