m1: 2456.8688260848503
m2: 1519.948490723917
m3: 2.4350895144833857
m4: 1.2526870821937413
m5: 0.31200943009964455
m6: 449.0674227964644
m7: 2.0362830864699837
m8: 1.8286138789595732

R2: 0.9999901144391576
