m1: 2400.2812352229835
m2: 940.1386202599051
m3: 2.735902717738626
m4: 1.1652645886841775
m5: 0.28102548871935296
m6: 712.9643361489642
m7: 1.8628675609369867
m8: 1.6135047495467936

R2: 0.999975055638292
