m1: 2445.653390990136
m2: 1127.0466736894266
m3: 2.672563483794773
m4: 1.1951499168594562
m5: 0.280450582809986
m6: 642.9435198716662
m7: 1.7390355610498907
m8: 1.6835161301059276

R2: 0.9999920070655951
