m1: 2385.632827276333
m2: 1258.2542541089576
m3: 2.4664135552623683
m4: 1.1527389927012213
m5: 0.3033528842764252
m6: 545.4338448315973
m7: 1.9368288153291122
m8: 1.6567935061249388

R2: 0.9999710219014236
