m1: 2435.535715894096
m2: 923.0644052507628
m3: 2.843648216625598
m4: 1.1425973239817244
m5: 0.24530598313318733
m6: 739.7309660383884
m7: 1.7714648413085174
m8: 1.599563848359902

R2: 0.9999960930384264
