m1: 2448.936083996498
m2: 1137.8391514956115
m3: 2.6680593469516722
m4: 1.1706369251611248
m5: 0.24563706591051884
m6: 638.3006281752913
m7: 1.75625406618422
m8: 1.6616907084020274

R2: 0.9999961440199795
