m1: 2430.6809441945315
m2: 1076.9827986907537
m3: 2.6847994844265535
m4: 1.1631593010411805
m5: 0.24563262373671055
m6: 659.5392606678014
m7: 1.7924878671720257
m8: 1.6330751564749728

R2: 0.999996256684004
