m1: 2430.6807329083617
m2: 1076.9779385728568
m3: 2.6848031937845187
m4: 1.163158769832302
m5: 0.24563261112932108
m6: 659.5416085254725
m7: 1.7924873623835256
m8: 1.6330737399933613

R2: 0.9999962566821731
