m1: 2430.6807361953943
m2: 1076.9787740351135
m3: 2.68480250926137
m4: 1.1631588472848802
m5: 0.2456326147937456
m6: 659.541186612234
m7: 1.7924875792125277
m8: 1.6330739696884675

R2: 0.9999962566822502
