m1: 2371.713995702586
m2: 519.8921416453298
m3: 3.5614693268906423
m4: 1.1509477435556807
m5: 0.2526793991882462
m6: 919.7340033352006
m7: 1.6143662606998328
m8: 1.559192651407514

R2: 0.9999905850222006
