m1: 2332.9100591831275
m2: 421.7026708985519
m3: 3.635216760451588
m4: 1.1229268310914422
m5: 0.25301483973022965
m6: 947.4321822010855
m7: 1.704893882343976
m8: 1.5226186205167753

R2: 0.9999925862633677
