m1: 2326.310624797588
m2: 1378.5768874255907
m3: 2.399874123597798
m4: 1.3374194042986083
m5: 0.5195666947283762
m6: 454.865802076189
m7: 1.9990397400644433
m8: 1.8860068667061405

R2: 0.9999979504597645
