m1: 2392.9216318198546
m2: 1099.367573093546
m3: 2.698525775169612
m4: 1.230143090466633
m5: 0.29681511749577005
m6: 624.7133942588517
m7: 2.0672049320201182
m8: 1.7197825208797233

R2: 0.9999947789511425
