m1: 2288.1767264994487
m2: 535.6000000001742
m3: 3.065369936049998
m4: 1.2735744325856546
m5: 0.2391914745355783
m6: 864.1571754664774
m7: 1.7039293325623677
m8: 1.6760261005327441

R2: 0.9999938274935383
