m1: 2303.362918976089
m2: 346.96593815145866
m3: 3.1703313824008865
m4: 1.0585037134169937
m5: 0.28769675735646727
m6: 957.7742050971832
m7: 2.196165874461109
m8: 1.4607352907575093

R2: 0.9999563677771837
