m1: 2410.483072795894
m2: 693.9785910240026
m3: 2.984424351321866
m4: 1.1456170544098678
m5: 0.28698939463001977
m6: 838.7205653388498
m7: 1.9829256102823496
m8: 1.5647204140181574

R2: 0.9999895553681436
