m1: 2430.9613033396636
m2: 1349.7090583343982
m3: 2.568797918512073
m4: 1.2594373659802407
m5: 0.2787454399223864
m6: 519.8839589239117
m7: 2.0478088008116013
m8: 1.795553858363844

R2: 0.9999903227365554
