m1: 2463.380809077707
m2: 1567.965676193975
m3: 2.5261352956148437
m4: 1.235333556423557
m5: 0.3541461697446573
m6: 426.1639222419666
m7: 2.0198972417455576
m8: 1.8229957483672874

R2: 0.9999953808387492
