m1: 2409.401326329731
m2: 963.6966236658709
m3: 2.79150755966924
m4: 1.1944191854733388
m5: 0.21653495599555114
m6: 702.0384204449597
m7: 1.9585166049665022
m8: 1.655310488789845

R2: 0.99999556392973
