m1: 2416.523262382907
m2: 1012.0840305964363
m3: 2.7607878293290553
m4: 1.2038541139541818
m5: 0.21617130633750695
m6: 681.5839897088207
m7: 1.9409021395625536
m8: 1.6697393918246441

R2: 0.9999957629092572
