m1: 2438.2012206442355
m2: 1030.259160567927
m3: 2.6945316255973806
m4: 1.089823974947742
m5: 0.2997225274987021
m6: 685.0716883281299
m7: 1.942591031206854
m8: 1.5663034810872523

R2: 0.9999958896427209
