m1: 2441.6800248625
m2: 990.7753842110696
m3: 2.7292979111948816
m4: 1.0933897119046354
m5: 0.2992345253323723
m6: 707.3295857095708
m7: 1.8868173216329922
m8: 1.5541117741084407

R2: 0.9999960656202574
