m1: 2432.9631432473348
m2: 879.2379616213437
m3: 2.808462900438187
m4: 1.075407905283603
m5: 0.2992372719370695
m6: 758.844298559189
m7: 1.9037076959618826
m8: 1.5254180148681702

R2: 0.9999958251519317
