m1: 2275.475910339247
m2: 791.0993168122072
m3: 2.647026550000266
m4: 1.2680711440822974
m5: 0.25775289437660776
m6: 746.12248573546
m7: 1.3608203285587914
m8: 1.7158950140672975

R2: 0.999991551151488
