m1: 2355.4566910884646
m2: 1094.6967873336043
m3: 2.64091381321424
m4: 1.1771700328198351
m5: 0.25580189353547406
m6: 608.2689040666148
m7: 2.072452034368663
m8: 1.6431998425232572

R2: 0.999988308086918
