m1: 2365.6057278241747
m2: 1189.329330984664
m3: 2.6006785153784255
m4: 1.1704575747220136
m5: 0.24062453370152273
m6: 566.3436821174997
m7: 2.029929541358469
m8: 1.6572207987578904

R2: 0.9999954899406386
