m1: 2189.6091274729774
m2: 1175.868070459498
m3: 2.5095527674968126
m4: 1.0812553210503135
m5: 0.2297378623408978
m6: 485.71515341528976
m7: 2.652299999987792
m8: 1.5021474036695814

R2: 0.9997972192811406
