m1: 2352.7493080505296
m2: 711.0660378479993
m3: 3.0094589895680675
m4: 1.17713077664981
m5: 0.16617656405507755
m6: 803.6028868786121
m7: 1.8150591084397063
m8: 1.6031252213538991

R2: 0.9999796671447659
