m1: 2416.4077188290958
m2: 1375.0110891852491
m3: 2.468817325053073
m4: 1.1885250479819918
m5: 0.2890993308844244
m6: 501.90088389289
m7: 2.021466576260128
m8: 1.719696880425777

R2: 0.9999973392615821
