m1: 2413.6794020990887
m2: 1370.9079539118138
m3: 2.5134669711764173
m4: 1.2073353628045393
m5: 0.35664690375976665
m6: 501.8808152758701
m7: 2.007327742472047
m8: 1.7298357067897212

R2: 0.9999780502978693
