m1: 2170.067937871636
m2: 622.5494003673892
m3: 2.735779685294897
m4: 1.3056161906565924
m5: 0.2810770561778861
m6: 765.7932869959345
m7: 1.552091768217237
m8: 1.7223433031950512

R2: 0.999986036546882
