m1: 2338.6743771722404
m2: 1160.2859674755337
m3: 2.5462422445755624
m4: 1.1305550196543237
m5: 0.22548231968015586
m6: 567.4946552040558
m7: 2.1041938670112055
m8: 1.6308797954909748

R2: 0.9999971196855502
