m1: 2326.151422347652
m2: 1033.2351558737741
m3: 2.5683687787436904
m4: 1.2629115493252536
m5: 0.29289869086389164
m6: 627.1657983323408
m7: 1.9020378399609097
m8: 1.7173502604508146

R2: 0.9999961803187015
