m1: 2316.805291349219
m2: 1041.280477036727
m3: 2.5669026397332666
m4: 1.2288236576586136
m5: 0.31061841531906514
m6: 618.43783781165
m7: 1.9005602719321386
m8: 1.6920067831476695

R2: 0.9999957445998375
