m1: 2411.854544019311
m2: 1320.1470585374163
m3: 2.572691299976745
m4: 1.2564737499362453
m5: 0.2569979111914887
m6: 524.1193823404188
m7: 2.1101216042906303
m8: 1.749299256289606

R2: 0.9999973222700496
