m1: 2274.9351070295056
m2: 321.5714074348964
m3: 3.854936076399482
m4: 1.1757329459107175
m5: 0.28591067813518684
m6: 965.8155332780142
m7: 1.76827650030144
m8: 1.5964052759678449

R2: 0.9999948305020416
