m1: 2252.671239306391
m2: 267.8000023819675
m3: 3.574023053582163
m4: 1.1583491118060936
m5: 0.2827623959407936
m6: 981.5676249175342
m7: 1.828820247064483
m8: 1.5795520251601298

R2: 0.999991124651751
