m1: 2399.6490574885815
m2: 1222.1919570476646
m3: 2.679901843699552
m4: 1.1890855232687723
m5: 0.25302720607922974
m6: 566.1009370106722
m7: 2.1159248445807615
m8: 1.6692906759786028

R2: 0.9999955750469477
