m1: 2423.647637717289
m2: 744.6236008119961
m3: 3.074714987692041
m4: 1.109491501008336
m5: 0.2149254277511251
m6: 825.6096015092274
m7: 1.759837760747079
m8: 1.5467538938927425

R2: 0.9999929327775524
