m1: 2311.5452403118547
m2: 372.3188093470851
m3: 3.382269511480778
m4: 0.9532630453592305
m5: 0.2196820854354558
m6: 950.630647434224
m7: 2.1171850624224384
m8: 1.4360409101154235

R2: 0.9999750969168557
