m1: 2350.51458007015
m2: 1178.4444779149726
m3: 2.5278659615049595
m4: 1.1933184374233865
m5: 0.29472979367564395
m6: 564.6273311567984
m7: 2.11588350173519
m8: 1.6830274794300002

R2: 0.9999978515570247
