m1: 2375.0425533414805
m2: 1337.2963995518953
m3: 2.5763598834522097
m4: 1.1691817351607525
m5: 0.19465614298031214
m6: 495.32574143923557
m7: 2.151534499344381
m8: 1.6911513419195756

R2: 0.9999964388989475
