m1: 2156.309477254173
m2: 546.747797250446
m3: 2.704481443034001
m4: 1.3004150324254355
m5: 0.22578550026477498
m6: 796.4877608310373
m7: 1.5730461162627207
m8: 1.7362801359086097

R2: 0.9999893694130388
