m1: 2428.3721247194394
m2: 1222.7102579560494
m3: 2.4907165595022858
m4: 1.2403860143609502
m5: 0.24225167280058008
m6: 585.3736467229946
m7: 1.7620428721224168
m8: 1.7417334130709736

R2: 0.9999803056580086
