m1: 2241.5288303720736
m2: 535.6000012119575
m3: 2.7763113504685046
m4: 1.2826908843541935
m5: 0.2301723932748375
m6: 853.0761857203537
m7: 1.5290981548516092
m8: 1.6781465035939636

R2: 0.9999952085400434
