m1: 2186.2051802940723
m2: 154.60363291786354
m3: 5.823716950692998
m4: 1.1543471072993707
m5: 0.230325130853691
m6: 1015.8545819273266
m7: 1.6715732698579724
m8: 1.5837120974647927

R2: 0.9999920136546734
