m1: 2208.958289180085
m2: 210.05466905072802
m3: 5.370798044577746
m4: 1.1763485817605341
m5: 0.22748685495648718
m6: 1000.6747788521131
m7: 1.619458667238121
m8: 1.6088961218876408

R2: 0.9999938341918158
