m1: 2369.0575656695173
m2: 896.4722725912841
m3: 2.6383871420559264
m4: 1.2291188432556963
m5: 0.23130536521018652
m6: 725.1048491652526
m7: 1.6149457777095937
m8: 1.6644109780048595

R2: 0.9999941997839867
