m1: 2420.215469121871
m2: 1268.5167532061857
m3: 2.6269541284741855
m4: 1.1763896415940915
m5: 0.2583326610491866
m6: 555.0102110972942
m7: 2.0436957688664252
m8: 1.6711376528865924

R2: 0.9999961052718085
