m1: 2357.9550414703112
m2: 567.7909238598323
m3: 3.4433532758968086
m4: 1.1258488541993505
m5: 0.24776355369733816
m6: 887.8664042197236
m7: 1.5864693266383243
m8: 1.5670655470592463

R2: 0.9999919143235644
