m1: 2307.7549746716363
m2: 454.8642023041083
m3: 3.4088951003136976
m4: 1.105747312980524
m5: 0.2470697137042258
m6: 917.6112043086727
m7: 1.688957700841969
m8: 1.5176125646049772

R2: 0.9999949009625104
