m1: 2326.3974025106754
m2: 1378.5062312738366
m3: 2.399890930426388
m4: 1.3374263560467177
m5: 0.5195692713882984
m6: 454.94462837114037
m7: 1.9985732828551592
m8: 1.8860249297629121

R2: 0.9999979513103316
