m1: 2431.3191000853867
m2: 1400.5661063973694
m3: 2.6145467711474764
m4: 1.1772938686127905
m5: 0.25432532888975656
m6: 493.6713033610396
m7: 2.139601711891261
m8: 1.717047111353373

R2: 0.9999862297041966
