m1: 2382.501664933272
m2: 1307.5914868252255
m3: 2.5130403507626142
m4: 1.1677652541846901
m5: 0.3167056707725432
m6: 518.5280551048968
m7: 1.9907765686640684
m8: 1.6874375078167647

R2: 0.9999929214832605
