m1: 2392.0490352289294
m2: 696.4407382803433
m3: 2.9957656042848355
m4: 1.1278534135056255
m5: 0.24216421517123643
m6: 833.1240848927564
m7: 1.8048931270544388
m8: 1.5425438325377692

R2: 0.9999950188063008
