m1: 2420.04091053295
m2: 1015.279540582706
m3: 2.684280981016781
m4: 1.1751577875570485
m5: 0.24175393465143394
m6: 687.0065121660909
m7: 1.7456303646986349
m8: 1.6255386761058952

R2: 0.999995773864757
