m1: 2429.0089479739304
m2: 1521.7517130714796
m3: 2.4188965736932007
m4: 1.2052784058088415
m5: 0.2426489968884276
m6: 434.22165852146793
m7: 2.0707337611623635
m8: 1.76183199951575

R2: 0.9999906373036673
