m1: 2365.3659658551715
m2: 543.3491393186664
m3: 3.1901973391556595
m4: 1.1377715452110573
m5: 0.17473232836856872
m6: 895.9565894058259
m7: 1.839376082272357
m8: 1.5687918644361643

R2: 0.9999642464094345
