m1: 2340.388703284382
m2: 509.7813034084889
m3: 3.2823244086297843
m4: 1.1332748298362096
m5: 0.17298035978730378
m6: 901.1628745756095
m7: 1.8404482105135962
m8: 1.5514415099960468

R2: 0.9999839141742011
