m1: 2381.995905598825
m2: 1090.3458370866233
m3: 2.611585035152078
m4: 1.1955051270587849
m5: 0.267944030940622
m6: 628.3373917459797
m7: 1.7827379687904272
m8: 1.6784403760594182

R2: 0.9999782064712451
