m1: 2436.888524778599
m2: 953.4254916015624
m3: 2.7294857833513384
m4: 1.2229783221216473
m5: 0.25272601668454175
m6: 726.6228622042407
m7: 1.745468613100688
m8: 1.6598364475378693

R2: 0.9999914902906438
