m1: 2396.3889195568686
m2: 665.9487427871796
m3: 3.0207135495412913
m4: 1.1741163103007195
m5: 0.2544366119878507
m6: 849.6692385989033
m7: 1.8298326295338792
m8: 1.5844106593192175

R2: 0.9999809257166147
