m1: 2400.8901350316496
m2: 1047.3853210864381
m3: 2.5706636261451137
m4: 1.2376040608095076
m5: 0.28142163134850745
m6: 659.5002103595951
m7: 1.816098789852146
m8: 1.7086190886969945

R2: 0.9999931591199246
