m1: 2436.8058739290536
m2: 1332.138453588857
m3: 2.6149565803658015
m4: 1.2406259494610286
m5: 0.37117903680892744
m6: 530.3808063261899
m7: 1.9924604996349728
m8: 1.760608761284314

R2: 0.9999817206876217
