m1: 2363.1013373351884
m2: 543.6166809494397
m3: 2.3802523211347464
m4: 1.7282127677640207
m5: 0.25054025126222457
m6: 903.1769840977531
m7: 1.0575335190384518
m8: 2.6087999999999996

R2: 0.9997572468246397
