m1: 22183.35123691888
m2: 1690.17725140394
m3: 1.4940199010141655
m4: 2.0282726475140485
m5: 0.2525093718983144
m6: 10235.99794551201
m7: 5.072943348664421
m8: 3.545932144712276

R2: 0.9999548388434607
