m1: 2399.864963029452
m2: 1149.5554135690625
m3: 2.551875134217045
m4: 1.2583483646920293
m5: 0.2809819368230493
m6: 605.7661024833121
m7: 1.987848620284991
m8: 1.7368286995668833

R2: 0.9999832986283681
