m1: 2319.0189722911123
m2: 476.6573646261843
m3: 3.5736421016343125
m4: 1.125823950898318
m5: 0.22643827653623738
m6: 912.9424306393305
m7: 1.6834766721597292
m8: 1.5307376441007725

R2: 0.9999914835466469
