m1: 2445.3397648422115
m2: 803.4000000160992
m3: 3.1385435514275226
m4: 1.2034348533797836
m5: 0.2242083042948744
m6: 817.6853557628333
m7: 1.4256020411218884
m8: 1.6652799792344017

R2: 0.9999692635601393
