m1: 2326.8896515377382
m2: 1378.3714466339884
m3: 2.399874565758227
m4: 1.3375111737104985
m5: 0.519581517076911
m6: 455.25947313646395
m7: 1.9960342243037335
m8: 1.8862227454418885

R2: 0.9999979563304866
