m1: 2330.9763406736706
m2: 1038.149705348084
m3: 2.6992604869449597
m4: 1.2517676410970788
m5: 0.34696130744218345
m6: 622.7455796078707
m7: 2.1712529840079315
m8: 1.69733954561576

R2: 0.9999851926638283
