m1: 2286.8588851619297
m2: 682.4295075353905
m3: 2.7953883405341142
m4: 1.203617922917048
m5: 0.1939357963253429
m6: 790.5038735305451
m7: 1.6511499144287296
m8: 1.6165938163602076

R2: 0.9999957390699525
