m1: 2366.5191120042496
m2: 931.1811996745068
m3: 2.6318486449245277
m4: 1.11089196137379
m5: 0.27441836223725624
m6: 700.5927638805937
m7: 1.770631005171545
m8: 1.59984280750509

R2: 0.9999787497535175
