m1: 2382.486579240436
m2: 934.7771889298309
m3: 2.6046208533711908
m4: 1.1934377598319268
m5: 0.27164792636801577
m6: 712.9702642263414
m7: 1.5793863787630613
m8: 1.6487951480005423

R2: 0.9999951716846714
