m1: 2326.4592701573383
m2: 1378.4724143964743
m3: 2.3998967417745605
m4: 1.3374336794297106
m5: 0.5195710270203485
m6: 454.9925685051792
m7: 1.9982507140486052
m8: 1.8860441991946222

R2: 0.9999979519339744
