m1: 2357.4440708478915
m2: 1209.8261372801383
m3: 2.5829922665816785
m4: 1.1970799378539136
m5: 0.19363501422066384
m6: 551.3639260188526
m7: 2.0869627011452714
m8: 1.6876420516887145

R2: 0.9999965812504976
