m1: 2279.8885349520633
m2: 270.4146569102268
m3: 4.719495144937318
m4: 1.1542292929197098
m5: 0.2661989086270554
m6: 995.5432368274481
m7: 1.7963158768357124
m8: 1.5353180220393619

R2: 0.999988871902017
