m1: 2308.5641776454977
m2: 367.3701189951366
m3: 3.7050538557834063
m4: 1.175841448142859
m5: 0.26704139068485094
m6: 960.5105143232602
m7: 1.7594237255090237
m8: 1.564058089661152

R2: 0.9999927949574993
