m1: 2413.028931581139
m2: 1171.9269875230957
m3: 2.6140273063135084
m4: 1.1448530737407865
m5: 0.28488467378641597
m6: 600.0935072844028
m7: 2.0232405319570073
m8: 1.6180463113394135

R2: 0.9999959614007153
