m1: 2326.204447099325
m2: 1378.6854323445475
m3: 2.399844934618982
m4: 1.337414421174737
m5: 0.5195633330228897
m6: 454.7583616955033
m7: 1.9996215859156576
m8: 1.8859930302939312

R2: 0.9999979494380692
