m1: 2399.7202326672823
m2: 1250.4923318396873
m3: 2.4509613357720874
m4: 1.1674745856337132
m5: 0.30821179145033145
m6: 558.4834929864778
m7: 1.8274831409162788
m8: 1.6852805260762307

R2: 0.9999963299409453
