m1: 2375.68649136821
m2: 1361.7893914371691
m3: 2.3512698721181446
m4: 1.1881090505944987
m5: 0.3060727889499967
m6: 491.83200631221735
m7: 1.8904128286497541
m8: 1.6991541748254084

R2: 0.9999951016289629
