m1: 2431.3557432493735
m2: 1314.6966726756102
m3: 2.600980390391021
m4: 1.1524979648818523
m5: 0.1984819495768062
m6: 537.434413141809
m7: 1.9760035436795087
m8: 1.663555041904802

R2: 0.9999978013010721
