m1: 2429.9205399544985
m2: 1318.1304701847266
m3: 2.5986664321320525
m4: 1.1525595447305967
m5: 0.1985023286853234
m6: 534.9654831453694
m7: 1.9840948267114684
m8: 1.6638932537749291

R2: 0.9999978134545293
