m1: 2432.3673916596877
m2: 1313.0656289254096
m3: 2.6022707025052365
m4: 1.152534100454778
m5: 0.19846778390732425
m6: 538.7787878914526
m7: 1.970788027296327
m8: 1.66359253192639

R2: 0.9999977892519688
