m1: 2424.5727416369336
m2: 1345.8907019571213
m3: 2.584140922990912
m4: 1.1543520568143069
m5: 0.1985762129661999
m6: 518.2694498054877
m7: 2.024099090307025
m8: 1.6704984850129418

R2: 0.999997822182229
