m1: 2427.8546472572903
m2: 1326.180895286801
m3: 2.5940392015083718
m4: 1.1529672330591536
m5: 0.19853195383807234
m6: 529.8536718345027
m7: 1.9976849751280394
m8: 1.6654750163049652

R2: 0.99999782202871
