m1: 2437.9319675263528
m2: 1127.4805585146069
m3: 2.7343522807141354
m4: 1.2233238523607943
m5: 0.26431049366641246
m6: 633.7710085491103
m7: 2.0632217707783482
m8: 1.6939057068643781

R2: 0.9999869291942663
