m1: 2145.7371532367756
m2: 1746.8069023284509
m3: 1.966241618305085
m4: 1.5240830394065659
m5: 0.28673074190565695
m6: 192.33026416882075
m7: 2.5149583137680067
m8: 2.2207979047255346

R2: 0.9999909866823437
