m1: 2380.354262829665
m2: 1265.030347104729
m3: 2.548213485115061
m4: 1.2276311466381211
m5: 0.19128043519324844
m6: 536.0609761548249
m7: 2.0450420583223106
m8: 1.7206848831804076

R2: 0.9999869470571834
