m1: 2444.4402878967467
m2: 1597.0787960060172
m3: 2.4068716032609974
m4: 1.2530170412911268
m5: 0.23434507116175085
m6: 404.15148352446045
m7: 2.103813101184007
m8: 1.8290270568831493

R2: 0.9999910941720943
