m1: 2157.2947875678556
m2: 570.8852927133149
m3: 2.6083483282312345
m4: 1.3832720783449481
m5: 0.24015284826528646
m6: 784.0498355580952
m7: 1.6088229201129922
m8: 1.7716457685617166

R2: 0.9999919609234862
