m1: 2326.190100337339
m2: 1378.6949701454141
m3: 2.3998424781146306
m4: 1.3374131975170789
m5: 0.5195629048983033
m6: 454.74640713434303
m7: 1.999695713741913
m8: 1.885988936104253

R2: 0.9999979492912121
