m1: 2484.538588769826
m2: 1485.4598364276753
m3: 2.3897172967675226
m4: 1.331753528043819
m5: 0.2718028186433258
m6: 482.3362110619636
m7: 1.7214451359282434
m8: 1.9370900678947893

R2: 0.9999956779035652
