m1: 2442.8022827963796
m2: 974.8984845326353
m3: 2.820089373803887
m4: 1.1621566898657016
m5: 0.27751915800805343
m6: 716.6859934425864
m7: 1.8079169922803833
m8: 1.6194740597006851

R2: 0.9999826673785774
