m1: 2519.7144997568826
m2: 1462.3844355837828
m3: 2.519154345294241
m4: 1.2312478816015928
m5: 0.27471095377764204
m6: 511.8696981188791
m7: 1.6847124994314375
m8: 1.8289367082912162

R2: 0.9999506967404964
