m1: 2424.7972284764946
m2: 1530.9583454896397
m3: 2.4714485361723972
m4: 1.2172077432898485
m5: 0.25972561052942605
m6: 427.2011098332322
m7: 2.0771354555163475
m8: 1.7978255696088297

R2: 0.9999898151195935
