m1: 2252.6973141954336
m2: 535.6000000008817
m3: 3.040837069809339
m4: 1.1965154448624256
m5: 0.26693696322610844
m6: 845.6188167637798
m7: 1.7310586152559801
m8: 1.6108486998018985

R2: 0.9999906689230272
