m1: 2354.8449855563094
m2: 632.6653392816212
m3: 2.9230818612917844
m4: 1.1850843810151876
m5: 0.2977020575253599
m6: 844.4371485341123
m7: 1.9237794244275859
m8: 1.5586660190140642

R2: 0.9999866777409321
