m1: 2285.6400530894234
m2: 316.3700685390698
m3: 3.201141058638574
m4: 1.0286760230878662
m5: 0.30323642508153253
m6: 964.3939332488377
m7: 2.1988487020278535
m8: 1.4858611872259178

R2: 0.9999738695471622
