m1: 2342.723983953809
m2: 560.9269893700991
m3: 3.272821393100899
m4: 1.1412783266547002
m5: 0.21699761093916822
m6: 882.1106984856697
m7: 1.651199400983194
m8: 1.5522512922420009

R2: 0.9999965245363683
