m1: 2338.9107322227246
m2: 568.5379735540052
m3: 3.213872561369133
m4: 1.1460090928569542
m5: 0.21520128247706122
m6: 876.9813356659058
m7: 1.654263169124557
m8: 1.5526666634436272

R2: 0.999996422598062
