m1: 2449.6404965344636
m2: 1218.0656609801576
m3: 2.671165448081203
m4: 1.164344768808577
m5: 0.35257253136158373
m6: 594.7078344189058
m7: 1.979691008969597
m8: 1.6647061845110693

R2: 0.9999883262787717
