m1: 2454.802344990767
m2: 1501.9037698612913
m3: 2.4867000585269072
m4: 1.2567776928855687
m5: 0.30400451628660585
m6: 454.77443083875374
m7: 2.0188086245000543
m8: 1.81918271632592

R2: 0.9999928271266814
