m1: 2283.605010016165
m2: 535.6000000092262
m3: 3.238569044552491
m4: 1.2174810463563264
m5: 0.17017027491133402
m6: 862.5661434740396
m7: 1.6841195838303358
m8: 1.634796544634419

R2: 0.9999762048942304
