m1: 2328.6046965068267
m2: 1373.1741334285962
m3: 2.4017805004126545
m4: 1.3370743118601625
m5: 0.5196435400243247
m6: 458.7144504468063
m7: 1.9850175999370905
m8: 1.8851775758623206

R2: 0.9999979666482232
