m1: 2361.495187639665
m2: 820.578429737187
m3: 2.675821122679801
m4: 1.1430712334504376
m5: 0.3088870698011014
m6: 757.90331899653
m7: 1.6786316663373595
m8: 1.5889191211259706

R2: 0.9999699228110845
