m1: 2402.665523169506
m2: 1293.3736809572015
m3: 2.4392369778384597
m4: 1.2368008182358552
m5: 0.24269100325890552
m6: 538.6057966725656
m7: 1.771760585215067
m8: 1.7480193173272904

R2: 0.9999951665240029
