m1: 2507.495697979328
m2: 1791.1555557424308
m3: 2.2737609532516485
m4: 1.299505657040691
m5: 0.24235123311697565
m6: 342.21748713637555
m7: 1.8662409766975645
m8: 2.08856834019499

R2: 0.999991773299974
