m1: 2381.138609122934
m2: 830.9553625061855
m3: 2.815694224132413
m4: 1.1995414891689806
m5: 0.19420310334528573
m6: 756.6264265623377
m7: 1.8336055230989867
m8: 1.6341487761629903

R2: 0.999987763393585
