m1: 2172.0356438889503
m2: 535.6000000000001
m3: 2.7769823841342425
m4: 1.2668650560287245
m5: 0.2176862541545388
m6: 810.7307982970159
m7: 1.5670090591641457
m8: 1.6917014194862077

R2: 0.9999884570308059
