m1: 2430.6497670791196
m2: 1378.0733086107048
m3: 2.607712054095304
m4: 1.201245608476799
m5: 0.29097634763061553
m6: 505.0370753827632
m7: 2.100465510517241
m8: 1.717929887884766

R2: 0.9999910690495682
