m1: 2595.914064872054
m2: 1353.3401787840264
m3: 2.6851351650777673
m4: 1.179397547708375
m5: 0.23246557087128297
m6: 604.3940427979912
m7: 1.592314314374241
m8: 1.767315212220685

R2: 0.9999904785894893
