m1: 2477.9671620978393
m2: 1192.5001743051143
m3: 2.686198443570797
m4: 1.1580268515971959
m5: 0.23330626835077778
m6: 624.3078459762719
m7: 1.8188785879945977
m8: 1.635345432826197

R2: 0.999996389283671
