m1: 2362.296986514936
m2: 1255.1850422109312
m3: 2.5953736050843332
m4: 1.194983671022309
m5: 0.1927617077281008
m6: 530.0886396201265
m7: 2.1420543743621128
m8: 1.7002642382430477

R2: 0.9999952315531649
