m1: 2435.2920024715017
m2: 1230.5768756036582
m3: 2.5680714237738678
m4: 1.2444720632993467
m5: 0.2816559192813513
m6: 584.3674996017863
m7: 1.7846966148260688
m8: 1.781566423978628

R2: 0.9999914844744595
