m1: 2250.6920146451735
m2: 535.6000000001918
m3: 2.925112860642866
m4: 1.2444599603155428
m5: 0.2687116536885139
m6: 844.4739422718645
m7: 1.7236664970697166
m8: 1.6683459699409138

R2: 0.9999965672758637
