m1: 2341.7875873494713
m2: 621.7668061231886
m3: 2.882584478826502
m4: 1.2076959111567183
m5: 0.24544778335128448
m6: 848.3518591258614
m7: 1.693414680725047
m8: 1.617685494941

R2: 0.9999815940280968
