m1: 2433.798599458942
m2: 1279.136652902027
m3: 2.572411660810665
m4: 1.214167960910472
m5: 0.30909752218683845
m6: 557.6334706575175
m7: 1.8977360948710564
m8: 1.7271562745716589

R2: 0.9999961084687413
