m1: 2358.1960596438857
m2: 645.5057963380444
m3: 2.9413803557467557
m4: 1.1126067471962036
m5: 0.3098822547680218
m6: 836.4864665843344
m7: 2.0277579336342657
m8: 1.5369301724602944

R2: 0.9999876038827366
