m1: 2387.8679699001473
m2: 1133.5739556022663
m3: 2.560782244678251
m4: 1.2218452776546733
m5: 0.20820683751328467
m6: 610.8740995695282
m7: 1.7415886833243448
m8: 1.7061963653074392

R2: 0.9999973345617517
