m1: 2379.593925375623
m2: 1084.0488164758362
m3: 2.6072475737280087
m4: 1.2087907815415284
m5: 0.21044404659710506
m6: 630.3906649587936
m7: 1.7745244439253869
m8: 1.6887542356006835

R2: 0.9999971336471326
