m1: 2183.329002303844
m2: 680.6901338619199
m3: 2.690853742426117
m4: 1.3391512511655963
m5: 0.17132996619197172
m6: 743.2185223847512
m7: 1.519740033764759
m8: 1.7745078073403553

R2: 0.9999802653498376
