m1: 2211.0189851099085
m2: 325.27110360425905
m3: 3.4287299734189864
m4: 1.2041651570004221
m5: 0.2358068430238434
m6: 943.782020946198
m7: 1.6045563338330546
m8: 1.5893976998950972

R2: 0.9999915037960392
