m1: 2260.4770706342647
m2: 267.80000000002434
m3: 4.035461586518671
m4: 1.1394837786639043
m5: 0.23599463430647025
m6: 997.9764772425937
m7: 1.59191545964087
m8: 1.6096562622924109

R2: 0.999972330967171
