m1: 2466.560423147523
m2: 1295.5331472218797
m3: 2.530126900846147
m4: 1.1916682857957168
m5: 0.2395246496667498
m6: 569.061274022187
m7: 1.7698282835496677
m8: 1.7007144645814865

R2: 0.9999969299158007
