m1: 2467.8237079349437
m2: 1319.9479981444688
m3: 2.516231310155758
m4: 1.1941842315249993
m5: 0.2394792982593866
m6: 557.4348958082712
m7: 1.7748334700656747
m8: 1.7098169618808972

R2: 0.9999969448674738
