m1: 2469.417195942915
m2: 1336.253557723201
m3: 2.5074334834821177
m4: 1.1957106276710385
m5: 0.23940206185111543
m6: 550.0691447614165
m7: 1.7776895637897545
m8: 1.7168489667663396

R2: 0.9999969562760055
