m1: 2465.850850691456
m2: 1277.5559254486386
m3: 2.54198805562383
m4: 1.1897647483013258
m5: 0.23960618288081234
m6: 577.7156347471924
m7: 1.765717035037455
m8: 1.6943264064387626

R2: 0.999996917028943
