m1: 2465.7244499830226
m2: 1276.383705900749
m3: 2.5421667131218872
m4: 1.1896326292094281
m5: 0.23958489868124158
m6: 578.249147914054
m7: 1.765955537493417
m8: 1.6938942791950946

R2: 0.9999969171480311
