m1: 2465.896729442713
m2: 1281.165619654648
m3: 2.5388633785861354
m4: 1.1901423693262947
m5: 0.23955907308641727
m6: 575.940269809888
m7: 1.7670831657359096
m8: 1.6955684553218795

R2: 0.9999969207444364
