m1: 2376.535531572368
m2: 1207.3710397589775
m3: 2.6344253090375984
m4: 1.194310945406949
m5: 0.3636807367330174
m6: 561.4248091998049
m7: 2.154044180754379
m8: 1.672759396743518

R2: 0.9999845702201268
