m1: 2370.5286094414932
m2: 1259.7466289672118
m3: 2.557601835590054
m4: 1.1067675472978953
m5: 0.22763276875282148
m6: 533.184408858616
m7: 2.152598882587142
m8: 1.588343945466139

R2: 0.9999953057565698
