m1: 2231.4196356731127
m2: 1322.8871122574262
m3: 2.129326767203631
m4: 1.4783552099721224
m5: 0.29815143063920735
m6: 444.2308362467772
m7: 1.3737067851645106
m8: 2.0919778964407922

R2: 0.9999965589082398
