m1: 2404.4731082490225
m2: 870.5278478705752
m3: 2.6709825091708526
m4: 1.2888750711152068
m5: 0.31120258581655036
m6: 755.699113848004
m7: 1.5801342193059362
m8: 1.7386359615972486

R2: 0.9999805982778809
