m1: 2306.861000798915
m2: 535.6000000608602
m3: 3.276058880602395
m4: 1.1661636859075855
m5: 0.16789397078397966
m6: 870.3900345830341
m7: 1.8104424841839022
m8: 1.577179386749417

R2: 0.999974446241624
