m1: 2469.216028361717
m2: 876.5131654616754
m3: 2.8952099128338773
m4: 1.0727006496849851
m5: 0.2767444984514141
m6: 782.2364182495846
m7: 1.744672842619041
m8: 1.519028376089489

R2: 0.9999690013310176
