m1: 2334.2961389969046
m2: 1314.8898744399478
m3: 2.5541769590384913
m4: 1.0879062691941204
m5: 0.28030286875888516
m6: 489.82724779422
m7: 2.3932642214234097
m8: 1.5792376409809044

R2: 0.9999508134524403
