m1: 2371.509130744417
m2: 1177.1245724419728
m3: 2.5654670458484623
m4: 1.174043718047479
m5: 0.22782384800671002
m6: 574.941976310556
m7: 2.1067217193780094
m8: 1.66519754406854

R2: 0.9999972082028438
