m1: 2420.893064107524
m2: 812.0409778416546
m3: 2.8670706862922546
m4: 1.095916141448653
m5: 0.30321938136519894
m6: 789.493844173244
m7: 1.7905847973724378
m8: 1.5273809759302523

R2: 0.9999950265679822
