m1: 2418.6799793062455
m2: 762.4051899767552
m3: 2.9322106555127543
m4: 1.088438613575542
m5: 0.3030616755265062
m6: 813.4978089570651
m7: 1.7916706898586408
m8: 1.5167999262034595

R2: 0.9999949221645218
