m1: 2420.8922406537317
m2: 812.0256451141553
m3: 2.867088972522811
m4: 1.0959141899211708
m5: 0.3032193123650018
m6: 789.501203949401
m7: 1.7905848794499872
m8: 1.5273773747904005

R2: 0.9999950265534266
