m1: 2414.374682800613
m2: 705.2165169522578
m3: 3.015208791428661
m4: 1.0794251258426328
m5: 0.3028750716405242
m6: 840.2605801381279
m7: 1.7963739399417453
m8: 1.5039650311211534

R2: 0.9999947177626389
