m1: 2391.623540524387
m2: 1318.8280119346446
m3: 2.608293476226245
m4: 1.2098773917111552
m5: 0.16177982344815053
m6: 513.2808002844984
m7: 2.1037255199520204
m8: 1.7205406300141617

R2: 0.9999833211711295
