m1: 2400.0450947280915
m2: 1241.6249746691537
m3: 2.6104743527312886
m4: 1.2229074667330753
m5: 0.19059692720198027
m6: 556.8541164238809
m7: 1.9680484146156327
m8: 1.7165366528621773

R2: 0.9999828826730475
