m1: 2417.4990811729176
m2: 858.7482048005759
m3: 2.8204739238432284
m4: 1.1585572529770138
m5: 0.23672662356814167
m6: 763.3216066266745
m7: 1.8064728463546371
m8: 1.5868262983887422

R2: 0.9999958857116742
