m1: 2417.4984376882203
m2: 858.7386953288569
m3: 2.820483634151532
m4: 1.1585559600434547
m5: 0.23672660198348058
m6: 763.3260760704952
m7: 1.806473540938228
m8: 1.5868239899344365

R2: 0.9999958856972002
