m1: 2417.4986190993886
m2: 858.7398720545443
m3: 2.820482695374806
m4: 1.158556167380197
m5: 0.23672659802077134
m6: 763.3255804279038
m7: 1.806473109207065
m8: 1.586824318756332

R2: 0.9999958857009632
