m1: 2423.4139603539875
m2: 914.5121842203332
m3: 2.7734903987748107
m4: 1.165916710773799
m5: 0.2368809792318314
m6: 738.2168067035058
m7: 1.7975647703717283
m8: 1.6020651763922866

R2: 0.9999959801555899
