m1: 2433.773808935383
m2: 1558.0519479700843
m3: 2.504918740733544
m4: 1.2370550661425996
m5: 0.2981939641433153
m6: 417.6199967699966
m7: 2.140893287323787
m8: 1.808719969728607

R2: 0.9999943006478753
