m1: 2267.1051472378836
m2: 333.2610158491749
m3: 3.44461623447282
m4: 1.0429537234767319
m5: 0.2857279055647849
m6: 949.9791562034538
m7: 2.0239683326836557
m8: 1.4686465236043802

R2: 0.9999344503247766
