m1: 2350.4953556841397
m2: 666.5198422058139
m3: 2.976001212485441
m4: 1.141548316429569
m5: 0.28374556891334
m6: 826.4638714218806
m7: 1.8545843291562423
m8: 1.558612321682661

R2: 0.9999876713666801
