m1: 2365.2553094430036
m2: 512.5172235800986
m3: 3.2239401810925594
m4: 1.159550218733537
m5: 0.25772491669488
m6: 910.0645761867955
m7: 1.891013205273856
m8: 1.5839696463126562

R2: 0.9999943713645774
