m1: 2373.6764720742153
m2: 705.6921580533029
m3: 2.8827390718820585
m4: 1.2019922724024943
m5: 0.25621222555623924
m6: 817.8059956201349
m7: 1.8643283985549501
m8: 1.6233118275824985

R2: 0.999995304404607
