m1: 2468.3480714146795
m2: 913.126480767249
m3: 2.8696094554631926
m4: 1.1491470465373383
m5: 0.21313576539224952
m6: 762.474072629731
m7: 1.7665332562632075
m8: 1.5752227090923787

R2: 0.999986853915866
