m1: 2709.882900131671
m2: 652.2976531917135
m3: 4.304395363436229
m4: 1.0726506946611891
m5: 0.20947205364518803
m6: 1020.8857210019422
m7: 1.53803359258788
m8: 1.6553922102447234

R2: 0.9998988382935499
