m1: 2455.750579158803
m2: 1263.2341230537616
m3: 2.619702164374122
m4: 1.197298483392151
m5: 0.3290817122631816
m6: 575.1290039714163
m7: 2.032583921802939
m8: 1.693898763867973

R2: 0.9999956583505575
