m1: 2373.701510939665
m2: 915.9237469593245
m3: 2.708523685022553
m4: 1.128385304509263
m5: 0.2673137340044423
m6: 714.2241746745726
m7: 1.7611531164946432
m8: 1.57084025435995

R2: 0.9999916006723426
