m1: 2551.95200451968
m2: 1373.8790700213663
m3: 2.501566301784439
m4: 1.199116923376299
m5: 0.2647498633360165
m6: 576.7830335497465
m7: 1.4415041841850493
m8: 1.8394230262135525

R2: 0.9999653007582721
