m1: 2429.5483755627433
m2: 1393.360769777363
m3: 2.5653041507281182
m4: 1.2516499122138338
m5: 0.37230363671748146
m6: 496.729045736671
m7: 2.028249635854502
m8: 1.786463464667468

R2: 0.9999889557443822
