m1: 2341.8348433007686
m2: 1189.953218441143
m3: 2.577378326542406
m4: 1.2559264999432147
m5: 0.29328741547600756
m6: 553.786791715748
m7: 2.1058308260115024
m8: 1.7451568080760222

R2: 0.9999971776165857
