m1: 2402.890791509775
m2: 1189.0381608430505
m3: 2.594517373477999
m4: 1.1596997958444921
m5: 0.20601732351282617
m6: 584.854070816833
m7: 2.088410210900764
m8: 1.6447663172130276

R2: 0.9999922261480393
