m1: 2125.274382164424
m2: 535.6000002464772
m3: 2.6796362378294485
m4: 1.2294654347909921
m5: 0.23922948917408615
m6: 787.3458147500072
m7: 1.5534464419818328
m8: 1.6668876650390043

R2: 0.9999966464760597
