m1: 2546.6272984261723
m2: 593.6331405181286
m3: 2.154083582485543
m4: 1.5828221842948194
m5: 0.2627414930167505
m6: 967.2449999999999
m7: 1.0455590964581813
m8: 2.6087999999999996

R2: 0.9998811863772653
