m1: 4073.8353118683276
m2: 1207.468447349514
m3: 1.632450221977247
m4: 1.7514601815725832
m5: 0.2644612356227148
m6: 1419.7088153074128
m7: 1.1076660335202955
m8: 3.4473535239494795

R2: 0.9999358358085157
