m1: 245113.27445737008
m2: 1482.6264310579438
m3: 1.5436985029161234
m4: 1.8229602674684176
m5: 0.262843610660479
m6: 121802.25142904962
m7: 1.8731584712658482
m8: 4.6157283994962075

R2: 0.9999944134338453
