m1: 8049.167951707324
m2: 1494.0808691510842
m3: 1.5426514750266538
m4: 1.8258808277626992
m5: 0.2629466861142032
m6: 3264.451874272096
m7: 2.052198579142019
m8: 3.574576885200401

R2: 0.9999935000580412
