m1: 4120.87888781598
m2: 1515.6224306562185
m3: 1.5372611917165848
m4: 1.8331189648616706
m5: 0.262702754342961
m6: 1289.6596210881823
m7: 2.39509676405578
m8: 3.2725303750629715

R2: 0.999991692580938
