m1: 2970.2790413725984
m2: 1234.7630585085194
m3: 1.6185910022380414
m4: 1.7492047029333961
m5: 0.2653946281449646
m6: 853.5311408371794
m7: 1.2837630932150428
m8: 3.1207489012479153

R2: 0.9999037214172035
