m1: 4112.930712115763
m2: 1506.9958254590633
m3: 1.5441318502239063
m4: 1.827745459679254
m5: 0.26440622996732455
m6: 1289.659999996337
m7: 2.3548826525945583
m8: 3.2719158756840603

R2: 0.9999914028223525
