m1: 2384.533023993712
m2: 1325.1766121393753
m3: 2.5345548674160585
m4: 1.1459285093650602
m5: 0.2559655058273099
m6: 508.31784591173266
m7: 2.0443513938163687
m8: 1.6672486750179454

R2: 0.9999857798517722
