m1: 2435.3317906195416
m2: 1042.4240642261116
m3: 2.7396166479480195
m4: 1.1107549324052184
m5: 0.2600445429998244
m6: 679.6961754587653
m7: 1.8054444291772829
m8: 1.5608157655637538

R2: 0.9999889015019797
