m1: 2476.251885001484
m2: 1526.8475999282343
m3: 2.4881833382214507
m4: 1.1689970852596443
m5: 0.260248234069167
m6: 456.8156823531801
m7: 1.7977208339578143
m8: 1.7476327616512395

R2: 0.9999850687796292
