m1: 2283.0464606951537
m2: 688.5474413344808
m3: 2.6825471279729434
m4: 1.369028433500962
m5: 0.2612249168082125
m6: 796.201471112134
m7: 1.4621505502618846
m8: 1.7791976154793518

R2: 0.9999921133322179
