m1: 2382.5033272517667
m2: 1258.086434172982
m3: 2.598252098744062
m4: 1.1921680602324947
m5: 0.26876013925971964
m6: 540.2343080073598
m7: 2.0612165574290464
m8: 1.6835265296052457

R2: 0.999980189583632
