m1: 2358.051075737977
m2: 1357.2407695794948
m3: 2.466981409705809
m4: 1.2197323628564245
m5: 0.24460300160079673
m6: 481.377293175092
m7: 2.0916417375567677
m8: 1.7376557342098855

R2: 0.9999817535758787
