m1: 2586.099111949184
m2: 1605.4161520343048
m3: 2.505353188014387
m4: 1.2917127358004787
m5: 0.23379051091011577
m6: 470.18024587945763
m7: 1.8345611625381522
m8: 1.9460990503983397

R2: 0.999989757588315
