m1: 2473.0113349814387
m2: 1073.1623710624633
m3: 2.734126971228699
m4: 1.2337041288538981
m5: 0.23231602035346857
m6: 681.0305537705747
m7: 1.858541019053255
m8: 1.684826641484957

R2: 0.9999948802807267
