m1: 2307.5486143930198
m2: 819.4958050057108
m3: 2.6444246886462617
m4: 1.4204818944027153
m5: 0.2562689383779878
m6: 741.1554269305419
m7: 1.4206032524235999
m8: 1.8721798460961867

R2: 0.9999820861352442
