m1: 2369.5471437767214
m2: 954.8427873598043
m3: 2.6291082722884798
m4: 1.2050817155534772
m5: 0.30747261103272683
m6: 691.3948232563012
m7: 1.805449317734317
m8: 1.6456586559370538

R2: 0.9999956843861566
