m1: 2393.9322790031933
m2: 1432.3053829818534
m3: 2.429489473652253
m4: 1.2730890524379634
m5: 0.30883267475600573
m6: 464.19040787976155
m7: 1.6729204960504798
m8: 1.7980162551716867

R2: 0.9999858947315801
