m1: 2268.850197213449
m2: 609.5073816359857
m3: 2.916612287508157
m4: 1.1433526036514956
m5: 0.26464792193631154
m6: 817.1927175570185
m7: 1.693116102144344
m8: 1.568595821874709

R2: 0.9999888900807284
