m1: 2246.5725903326343
m2: 267.8000000094636
m3: 4.463301253236102
m4: 1.0210688091054294
m5: 0.32738685659381805
m6: 977.3857074911948
m7: 1.8387100122369984
m8: 1.426666844456321

R2: 0.9999834199650943
