m1: 2294.1348069097667
m2: 391.55014636290247
m3: 3.494936511727772
m4: 1.0718109821180222
m5: 0.31889981302803866
m6: 941.4060701524276
m7: 1.7522425823842462
m8: 1.4781060435158304

R2: 0.9999951882690195
