m1: 2327.8440165166685
m2: 1378.412423474627
m3: 2.399682829506169
m4: 1.3377521513999118
m5: 0.5195971804007418
m6: 455.7212151170709
m7: 1.9910717818610226
m8: 1.8866935535815126

R2: 0.9999979658621778
