m1: 2372.6324963673496
m2: 1272.2958426220673
m3: 2.591768421256082
m4: 1.170093915824604
m5: 0.2380717504015927
m6: 527.1146126551567
m7: 2.1323585072268214
m8: 1.6677181720334089

R2: 0.9999951522666761
