m1: 2380.4531742493004
m2: 820.6868232104531
m3: 2.7952050192535256
m4: 1.192612802654172
m5: 0.26710867925178605
m6: 761.156409122748
m7: 1.943737629998321
m8: 1.617657435200418

R2: 0.9999913689134315
