m1: 2408.30980736759
m2: 818.2067496215685
m3: 2.8571277088422704
m4: 1.202029676217258
m5: 0.2655840408424265
m6: 777.6524443410706
m7: 1.8513847647086803
m8: 1.630288560244973

R2: 0.9999927761099593
