m1: 2246.6144095292857
m2: 535.6000000000025
m3: 3.0409530290789624
m4: 1.1933299132772628
m5: 0.28032274856012546
m6: 842.1681037601646
m7: 1.7621265233688077
m8: 1.5887640829330625

R2: 0.9999866299795311
