m1: 2305.375244123723
m2: 682.661760565703
m3: 2.7639738045616244
m4: 1.1704515727576474
m5: 0.235241053057447
m6: 795.4681462062289
m7: 1.8074716756254001
m8: 1.5944510839328592

R2: 0.9999967892445375
