m1: 2407.7671540117913
m2: 1155.8367438994421
m3: 2.6143736829624262
m4: 1.0796623346091567
m5: 0.2680859027323731
m6: 603.5037662008558
m7: 2.0789410603832286
m8: 1.5896800900340768

R2: 0.9999804992802127
