m1: 2360.0147453503782
m2: 991.3654354080626
m3: 2.6334177748677257
m4: 1.1522889123931708
m5: 0.23312217135985858
m6: 664.3885671057118
m7: 1.9384787422743528
m8: 1.6092251615713302

R2: 0.9999893541504353
