m1: 2434.9856631836187
m2: 1456.6422746942812
m3: 2.5031568326126314
m4: 1.164397896435931
m5: 0.25475027133928996
m6: 468.8656314253098
m7: 2.0212669872333073
m8: 1.6983682992248632

R2: 0.9999955188029411
