m1: 2254.5382693869637
m2: 535.9103432310516
m3: 2.9201542904798323
m4: 1.3625002251375338
m5: 0.2809312450598641
m6: 859.5368995331403
m7: 1.5119404431683305
m8: 1.731957763295315

R2: 0.9999842206325806
