m1: 2218.464119547376
m2: 803.8703541134953
m3: 2.8589514673847103
m4: 1.4508872607290888
m5: 0.2725005226135179
m6: 711.7302112802353
m7: 1.3709207105517514
m8: 1.7492846279889511

R2: 0.9999589611583685
