m1: 2361.606550434652
m2: 1040.6649672100752
m3: 2.6429409257116547
m4: 1.1913294641835803
m5: 0.2389622103044256
m6: 637.2214516207852
m7: 2.160229384820668
m8: 1.6503236110959525

R2: 0.9999918264943112
