m1: 2407.236390652583
m2: 1352.1597571095801
m3: 2.5237557978777163
m4: 1.151044782341219
m5: 0.2571931665792431
m6: 507.28176938585926
m7: 2.08184144824504
m8: 1.6571805039650966

R2: 0.9999970231176136
