m1: 2340.542750058332
m2: 839.555483393633
m3: 2.763783047166206
m4: 1.1896554049268813
m5: 0.19793520635339754
m6: 732.3224802581507
m7: 1.8241055733993852
m8: 1.6259447827346851

R2: 0.9999962276236098
