m1: 2425.021879906593
m2: 1185.3676053560569
m3: 2.65117940309772
m4: 1.1867350011260513
m5: 0.23806088518564567
m6: 596.9910681529796
m7: 2.1145778657076764
m8: 1.6799357578409746

R2: 0.9999818343612948
