m1: 2362.9678274573
m2: 644.5280505129988
m3: 3.2063902204964245
m4: 1.1699173485643342
m5: 0.2582316623740283
m6: 850.6863358461135
m7: 1.5892748211482817
m8: 1.614393189085351

R2: 0.9999934120631516
