m1: 2312.653978792219
m2: 493.2230172042555
m3: 3.4122868750891735
m4: 1.1441797096100035
m5: 0.26072183088772466
m6: 900.5009578330831
m7: 1.6754651043434468
m8: 1.553206519946582

R2: 0.9999951846436038
