m1: 2179.4934753297225
m2: 1064.3377878554143
m3: 2.242243604092316
m4: 1.4541705727176206
m5: 0.2720511483812036
m6: 547.6375713287276
m7: 1.4780729242149335
m8: 1.9253839224001297

R2: 0.9999940889205224
