m1: 2401.418745008758
m2: 1076.2781328493352
m3: 2.6837284355097153
m4: 1.136600668586353
m5: 0.20074882436912764
m6: 643.7329889519134
m7: 1.899796147872168
m8: 1.5881603697611943

R2: 0.9999949492817519
