m1: 2413.4136040463086
m2: 1164.9754027361369
m3: 2.6364321732877727
m4: 1.1473903194998267
m5: 0.20074150813275357
m6: 605.2837596147336
m7: 1.8905330744755273
m8: 1.6193706307553815

R2: 0.9999952514156546
