m1: 2416.0900199430052
m2: 1434.2796246863184
m3: 2.4465067470122435
m4: 1.2218203299046049
m5: 0.2210863055091963
m6: 472.55264236569496
m7: 1.9732002154728154
m8: 1.7562853563585534

R2: 0.9999948404611247
