m1: 2217.0616128607217
m2: 298.23147730447255
m3: 4.104872485282561
m4: 1.1369725931081123
m5: 0.2499682777531815
m6: 960.7623313835492
m7: 1.5648348522957722
m8: 1.566549664305635

R2: 0.9999930956547282
