m1: 2185.7266531449113
m2: 276.6691749965233
m3: 3.597982989226633
m4: 1.1571787294362643
m5: 0.2330432129799146
m6: 955.7408490834124
m7: 1.6059461843316931
m8: 1.5620189457659215

R2: 0.9999946743431339
