m1: 2342.912758422843
m2: 699.0244899355173
m3: 2.8468730678257987
m4: 1.1947598506557604
m5: 0.26187337890446555
m6: 803.7761723179566
m7: 1.8619555276802515
m8: 1.6494254617089725

R2: 0.999996921667166
