m1: 2334.415545345356
m2: 1003.5507609297949
m3: 2.626526539215262
m4: 1.1904759627543233
m5: 0.2742320697980229
m6: 645.8563913302966
m7: 1.9452860795768563
m8: 1.6349156812110244

R2: 0.9999869788359279
