m1: 2369.851900177952
m2: 1333.550681180914
m3: 2.498519676739428
m4: 1.1421844922598807
m5: 0.271023048815772
m6: 499.318409935913
m7: 2.0246300638393784
m8: 1.6552879682915704

R2: 0.9999935703976442
