m1: 2240.714181193804
m2: 585.5567326942617
m3: 2.9072542857517827
m4: 1.3334420329615742
m5: 0.24530321034979508
m6: 826.2360870694602
m7: 1.4914947209424316
m8: 1.7567763050917422

R2: 0.9999905811547631
