m1: 2242.230204158986
m2: 607.6119639482416
m3: 2.857333716303243
m4: 1.333833873230938
m5: 0.24799458781423367
m6: 815.6009243347013
m7: 1.4893344777440751
m8: 1.7599005016420943

R2: 0.9999907463708111
