m1: 2242.2302752207893
m2: 607.6125930917561
m3: 2.857332598496156
m4: 1.3338340311454127
m5: 0.24799458177534567
m6: 815.6006469737201
m7: 1.4893342404667107
m8: 1.7599006689794559

R2: 0.9999907463716549
