m1: 2209.3186953158993
m2: 471.92040009093256
m3: 3.000446845079649
m4: 1.3372736814190302
m5: 0.21386011832875892
m6: 866.9897690928395
m7: 1.5383822342379307
m8: 1.745152945127285

R2: 0.9999955694856612
