m1: 2201.584724686852
m2: 400.60249593241394
m3: 3.261689078388556
m4: 1.3245534472610996
m5: 0.21002656866366706
m6: 899.3802988164431
m7: 1.553896193559308
m8: 1.731709298299993

R2: 0.9999953307668649
