m1: 2366.9023994667855
m2: 1106.8883114822906
m3: 2.563382655495877
m4: 1.1173885284137366
m5: 0.29742084401779534
m6: 609.3668724833984
m7: 2.0208398630017768
m8: 1.6084958630136719

R2: 0.9999970249746428
