m1: 2394.653288943022
m2: 1107.4932327818474
m3: 2.5665433762012
m4: 1.1710384790692916
m5: 0.18678364809678863
m6: 624.2772169883432
m7: 1.878189484902826
m8: 1.6445087178721822

R2: 0.999996942740174
