m1: 2511.7804548906806
m2: 1310.4511624260826
m3: 2.5953103987387314
m4: 1.1364360377779958
m5: 0.27230548801281756
m6: 586.1606988141995
m7: 1.6504660985035355
m8: 1.6404883544467292

R2: 0.9999567402691688
