m1: 2429.535545387309
m2: 873.6073256963784
m3: 2.8255569774695046
m4: 1.0584891827427765
m5: 0.2752039580880544
m6: 761.7692364570128
m7: 1.862111537546228
m8: 1.4883610719260076

R2: 0.9999754435359419
