m1: 2161.9395474388693
m2: 833.501637642046
m3: 2.380865143002413
m4: 1.349867298739687
m5: 0.2029492482066837
m6: 655.1887054403136
m7: 1.5301344739103788
m8: 1.7880209643320444

R2: 0.9999964596563202
