m1: 2281.3465026367753
m2: 535.6000000101558
m3: 3.0232468186471917
m4: 1.156113717979926
m5: 0.24062304921659805
m6: 860.6388719538263
m7: 1.69786190258912
m8: 1.5973219302914163

R2: 0.9999879484990728
