m1: 2299.6501398734526
m2: 333.09365062953117
m3: 4.82223565249385
m4: 1.1984824063192978
m5: 0.22910060231688312
m6: 976.1727844690294
m7: 1.693032058238489
m8: 1.6089569070342415

R2: 0.9999954468028196
