m1: 2292.4973712272536
m2: 418.474353183236
m3: 3.5797945615899227
m4: 1.2103342349873891
m5: 0.23550419565436248
m6: 926.9071385963349
m7: 1.7187445931672065
m8: 1.6144657238561815

R2: 0.9999962260467794
