m1: 2414.7053383225134
m2: 1465.5383073188036
m3: 2.529237687208379
m4: 1.1381977734583186
m5: 0.2650221873278727
m6: 454.02267459015087
m7: 2.066663117566618
m8: 1.6792531121689152

R2: 0.9999962498237146
