m1: 2362.0576279639217
m2: 982.0914545661786
m3: 2.698324643587358
m4: 1.1900746948216436
m5: 0.2557855864406281
m6: 666.1676445122243
m7: 2.148238106101032
m8: 1.6791558431068976

R2: 0.9999968893865289
