m1: 2355.6587832234773
m2: 1088.3452174237611
m3: 2.601933643885537
m4: 1.204818918391994
m5: 0.19639258420425257
m6: 613.5024874835124
m7: 1.9064082654129646
m8: 1.6752630552743732

R2: 0.9999969140542169
