m1: 2272.584179122796
m2: 700.6332097079825
m3: 2.736670574113938
m4: 1.391190634929957
m5: 0.26765405753615673
m6: 782.4824860672112
m7: 1.4484800900493005
m8: 1.8504028419109146

R2: 0.9999758029194221
