m1: 2423.4292198773787
m2: 1443.6941143969696
m3: 2.5570524783468445
m4: 1.1595655895346646
m5: 0.31002465719942257
m6: 468.8534382564698
m7: 2.0615741222348505
m8: 1.7077794928145607

R2: 0.9999936442843776
