m1: 2384.364399499528
m2: 1275.134718656194
m3: 2.5759064890224543
m4: 1.1332517167507035
m5: 0.2549603504942637
m6: 532.8017528947775
m7: 2.034636737947726
m8: 1.6359949546849075

R2: 0.9999860743619619
