m1: 2335.954857360127
m2: 642.1775542601702
m3: 2.9359857181835705
m4: 1.1493707646867684
m5: 0.21199517882111835
m6: 831.0197550366381
m7: 1.8069468831544944
m8: 1.567962587718148

R2: 0.9999906018964778
