m1: 2354.334007325948
m2: 764.9784804321318
m3: 2.7886595745338365
m4: 1.228828483635907
m5: 0.2335947046814041
m6: 776.0982825849977
m7: 1.8903885885630305
m8: 1.6537299506124992

R2: 0.9999927592849804
