m1: 2616.548238488498
m2: 1120.4712602429327
m3: 2.8849393255577103
m4: 1.171067072510041
m5: 0.2163239296902313
m6: 729.211408325649
m7: 1.6999385069666335
m8: 1.7406311696130659

R2: 0.999978353573815
