m1: 2477.7727625553043
m2: 1054.9193964099577
m3: 2.7473842137673667
m4: 1.1780597689277983
m5: 0.21555597086322997
m6: 692.387427749441
m7: 1.868399430704334
m8: 1.6334569278098527

R2: 0.9999922726895286
