m1: 2375.4749370562254
m2: 1146.3075478157073
m3: 2.591266517075747
m4: 1.113221849674378
m5: 0.29549418490044627
m6: 592.6682266125626
m7: 2.0621542681655005
m8: 1.607821409042569

R2: 0.9999967903650622
