m1: 2190.034298137921
m2: 328.96747106529523
m3: 3.4648373388810207
m4: 1.171766577579072
m5: 0.25991719201579705
m6: 933.133668175856
m7: 1.5805070764146294
m8: 1.5600339165049766

R2: 0.9999920251448327
