m1: 2214.5343810694317
m2: 267.80000000040746
m3: 3.6596080162604134
m4: 1.1264543501856048
m5: 0.2579270152775648
m6: 975.9949623761883
m7: 1.5972007669340356
m8: 1.5669763703119908

R2: 0.9999798184619726
