m1: 2386.0697654647456
m2: 1253.016566677134
m3: 2.5589131355015047
m4: 1.1573429887051305
m5: 0.18380030452718032
m6: 544.1795221069084
m7: 2.118791909225139
m8: 1.649069749589878

R2: 0.9999968789759536
