m1: 2458.939676933673
m2: 797.7239739361955
m3: 2.9382905798467607
m4: 1.1748894399696108
m5: 0.29520553501203145
m6: 812.6365881178561
m7: 1.8666654242992642
m8: 1.6331786638909402

R2: 0.9999834323546617
