m1: 2540.1781974078162
m2: 1420.9477544919107
m3: 2.5032823758619394
m4: 1.2734852180555396
m5: 0.29400057264410256
m6: 541.7362926227564
m7: 1.7472251107700334
m8: 1.841546046795335

R2: 0.9999879398184933
