m1: 2170.676239132403
m2: 505.69135412412726
m3: 2.7275264608886682
m4: 0.9541195072190459
m5: 0.26799669585039537
m6: 812.4448125516202
m7: 2.5373831902251545
m8: 1.3772889994803919

R2: 0.9998327015016257
