m1: 2440.9233620788746
m2: 1011.380263500463
m3: 2.7461782477753203
m4: 1.1301447690321371
m5: 0.264305663341194
m6: 700.7203928165825
m7: 1.6915891536741388
m8: 1.5940443701224611

R2: 0.9999894376788767
