m1: 2328.2079626007785
m2: 1378.2432955371703
m3: 2.3996860546319967
m4: 1.3378165523796073
m5: 0.5196035041155513
m6: 455.989566924948
m7: 1.9890905822131069
m8: 1.8868046440365869

R2: 0.9999979691148889
