m1: 2368.0592780151424
m2: 1296.9014679415604
m3: 2.4239807438488494
m4: 1.1833624996969672
m5: 0.26690197573260116
m6: 518.0190476642282
m7: 1.9042946041959232
m8: 1.680484624006851

R2: 0.9999938360492929
