m1: 2407.55678368801
m2: 1457.87513834734
m3: 2.5324320232999864
m4: 1.207916359718153
m5: 0.2383060233127479
m6: 453.58963981775065
m7: 2.11544598009466
m8: 1.7574046596853912

R2: 0.9999884267299197
