m1: 2409.679198958176
m2: 1241.4244621557032
m3: 2.6906191626617244
m4: 1.1572325831443766
m5: 0.2527945567370811
m6: 561.912239062766
m7: 2.099158129784105
m8: 1.6398116530190117

R2: 0.9999777705007072
