m1: 2426.002766409857
m2: 1204.5232056441941
m3: 2.5188825734683298
m4: 1.2294014734262417
m5: 0.34454333865432013
m6: 592.7265926691276
m7: 1.8705027272146595
m8: 1.7263561989388423

R2: 0.9999937699802409
