m1: 2426.6801589447186
m2: 1577.1815135821596
m3: 2.426257255380039
m4: 1.2066252923821734
m5: 0.29041689498749007
m6: 405.250511702227
m7: 2.076640480728893
m8: 1.7683144591249829

R2: 0.9999949020106995
