m1: 2349.28407426803
m2: 626.5764087495365
m3: 3.090908668350527
m4: 1.1039499944998714
m5: 0.21908478889865624
m6: 847.1381801625196
m7: 1.8208595331887687
m8: 1.5170949922951142

R2: 0.9999895316007659
