m1: 2443.86737543865
m2: 889.7892220604014
m3: 2.8890187324324166
m4: 1.1339540811462452
m5: 0.22110445061909684
m6: 761.8577503863052
m7: 1.7007760129760545
m8: 1.6306587343015324

R2: 0.9999590651935814
