m1: 2434.9909561923973
m2: 1564.6916690325158
m3: 2.4183714297829364
m4: 1.194279173836752
m5: 0.25904825514970165
m6: 416.36060036427335
m7: 1.994925147607523
m8: 1.7713346221356319

R2: 0.9999980612542232
