m1: 2145.442105368921
m2: 535.6000000229062
m3: 2.6163878289912015
m4: 1.3461349333260695
m5: 0.25334362451643166
m6: 796.2408033445979
m7: 1.5952808477171947
m8: 1.742942188581398

R2: 0.999991630381526
