m1: 2370.832389382074
m2: 842.3016431144205
m3: 2.7173672997548692
m4: 1.129297208733632
m5: 0.23604410545377752
m6: 749.6968434617999
m7: 1.76730060079995
m8: 1.5865385893273167

R2: 0.9999953821803467
