m1: 2388.545924147481
m2: 1043.4675994143593
m3: 2.5659454894069347
m4: 1.1619665238471282
m5: 0.23581579805245415
m6: 657.6326357232865
m7: 1.7404584014132
m8: 1.6439563218751783

R2: 0.9999960263126213
