m1: 2422.2396745573037
m2: 1338.2535717160536
m3: 2.4207949065952086
m4: 1.2600134155001876
m5: 0.3221185279602367
m6: 524.1499361455567
m7: 1.8351295977170474
m8: 1.7953210709041343

R2: 0.9999778300997768
