m1: 2438.4853857267503
m2: 1512.3950565030943
m3: 2.5068536172842886
m4: 1.1796051302718071
m5: 0.2864767965468484
m6: 441.7587653630318
m7: 2.111542973907028
m8: 1.7288595846982417

R2: 0.999995775081311
