m1: 2417.948403792529
m2: 1022.7661853703519
m3: 2.734576213725339
m4: 1.2149729641270577
m5: 0.26814249861799627
m6: 678.2714781623625
m7: 1.89646167250668
m8: 1.685412193182562

R2: 0.9999933494534265
