m1: 2377.9764098341243
m2: 924.9317680558465
m3: 2.7762074839998245
m4: 1.1947766695757722
m5: 0.26865213767478646
m6: 706.653963626404
m7: 1.98635286314773
m8: 1.6420618754099576

R2: 0.9999899707299005
