m1: 2359.277227122054
m2: 1093.2268869189154
m3: 2.5314412239217545
m4: 1.1384060066431108
m5: 0.23307758954398108
m6: 616.32645550391
m7: 1.7084208449519844
m8: 1.5883373016133915

R2: 0.9999945377150172
