m1: 2426.793016342327
m2: 734.5763495925078
m3: 2.9999547169844285
m4: 1.1361633261847042
m5: 0.21906244604429204
m6: 828.9506991577903
m7: 1.8941459956983266
m8: 1.5560875099269038

R2: 0.9999887422767234
