m1: 2353.356563942161
m2: 478.145205498079
m3: 3.447393495372651
m4: 1.0751750640953606
m5: 0.22127906762344693
m6: 919.3708045114822
m7: 1.997878895153494
m8: 1.4835789293335664

R2: 0.9999509832477661
