m1: 2348.807584876481
m2: 833.7195631254176
m3: 2.682108026563572
m4: 1.1684412869556458
m5: 0.23286297308082243
m6: 739.7779753288498
m7: 1.8496480609189827
m8: 1.6142664771702029

R2: 0.9999966962296155
