m1: 2395.7194287493803
m2: 540.5138264730215
m3: 3.3413872304767347
m4: 1.0610737573555327
m5: 0.21226401030329486
m6: 910.1717499893825
m7: 1.9725393589798672
m8: 1.4653961986262947

R2: 0.9999837583212636
