m1: 2464.6897125688047
m2: 992.7482162306402
m3: 2.7778018360267693
m4: 1.1493320370553515
m5: 0.21038140162698118
m6: 719.5552877923795
m7: 1.819523838932945
m8: 1.5777586601885503

R2: 0.999990502046857
