m1: 2379.124892271783
m2: 717.8565571462373
m3: 2.8821901111471644
m4: 1.2021730984807988
m5: 0.27507519381986395
m6: 814.4555820468395
m7: 1.8198761215361805
m8: 1.6410108295763914

R2: 0.9999964672848263
