m1: 2379.1103283438047
m2: 837.9724832915376
m3: 2.712213277260526
m4: 1.2224048079587821
m5: 0.273555748626291
m6: 754.2850913884735
m7: 1.8322644648910313
m8: 1.6669230549070955

R2: 0.9999965721725921
