m1: 2173.6706286855747
m2: 282.55819061320244
m3: 3.8285558877821253
m4: 1.2285084376805644
m5: 0.15809991232974543
m6: 943.8539213464076
m7: 1.622218735063694
m8: 1.653652590762891

R2: 0.9999884827086087
