m1: 2219.599461437857
m2: 296.41929075543277
m3: 4.281494751075292
m4: 1.2104928747448824
m5: 0.1562614974435925
m6: 961.1918826347128
m7: 1.564888638848274
m8: 1.6873572087053674

R2: 0.999977431853315
