m1: 2241.3180068945394
m2: 1169.0553765542313
m3: 2.217355451930136
m4: 1.458727411429414
m5: 0.2963353801243616
m6: 527.3563269794928
m7: 1.3731382774479848
m8: 1.9779182222557552

R2: 0.9999904031361825
