m1: 2406.6107473514085
m2: 1390.5868813292554
m3: 2.452949503529606
m4: 1.2503804405124657
m5: 0.3709754277328439
m6: 489.7552480934355
m7: 1.8710771191962277
m8: 1.8093678527684622

R2: 0.9999937460354043
