m1: 2326.7524567169485
m2: 1378.4104736790114
m3: 2.3998821842949876
m4: 1.3374858539081176
m5: 0.5195782678785105
m6: 455.1709124482674
m7: 1.9967565529455145
m8: 1.8861702882476779

R2: 0.9999979549618455
