m1: 2212.015508314851
m2: 267.8000063034466
m3: 3.8601186175326743
m4: 1.2567000476180366
m5: 0.2461703370034233
m6: 971.1099336340192
m7: 1.628700962228563
m8: 1.6528792619107968

R2: 0.9999895966999747
