m1: 2225.895193014312
m2: 520.5832518935024
m3: 2.790809721431455
m4: 1.3338345933690374
m5: 0.24638946478137191
m6: 851.4662059569976
m7: 1.5521131054742083
m8: 1.7008200133820528

R2: 0.9999926957939596
