m1: 2374.9386491010064
m2: 1284.0718534590344
m3: 2.5801869963333
m4: 1.1759486740564133
m5: 0.23929784072019333
m6: 523.0938605961018
m7: 2.0826876219144834
m8: 1.6822546366836326

R2: 0.9999953106351216
