m1: 2376.80865355329
m2: 954.6046968364597
m3: 2.760993445887468
m4: 1.1409222997393471
m5: 0.2087360829823058
m6: 691.615356411205
m7: 1.8713239469129408
m8: 1.5866297995166434

R2: 0.99998829479311
