m1: 2234.7494798031853
m2: 535.6000001765282
m3: 3.126313680499063
m4: 1.2678162399227884
m5: 0.2252456546386865
m6: 836.8323594184926
m7: 1.7118347018290507
m8: 1.6635712346712752

R2: 0.9999953470951153
