m1: 2408.170475239698
m2: 1344.9222556018076
m3: 2.60836819151577
m4: 1.1422819448453632
m5: 0.30983412290870227
m6: 509.7174771364573
m7: 2.0790815412224806
m8: 1.6529168980093867

R2: 0.9999927164128218
