m1: 2285.425244690167
m2: 873.0606382954261
m3: 2.630526897348434
m4: 1.2324766909279614
m5: 0.31277730067033604
m6: 688.4001725405079
m7: 1.8292936427525022
m8: 1.6637787932171688

R2: 0.9999973826488867
