m1: 2232.0405065165146
m2: 535.6000003109777
m3: 2.850631904994118
m4: 1.3003362057713748
m5: 0.21034761516531308
m6: 847.5735440606048
m7: 1.5403308045848074
m8: 1.6670373818125512

R2: 0.9999912409300935
