m1: 2386.8147186311235
m2: 1098.2566854023207
m3: 2.6614156875533164
m4: 1.2246795381930666
m5: 0.29626099257174743
m6: 622.8524572626355
m7: 2.032634916876314
m8: 1.6929729575164865

R2: 0.9999900100745985
