m1: 2303.4222080555764
m2: 549.1336937779126
m3: 3.018750178319506
m4: 1.1365689358562214
m5: 0.29430078385742936
m6: 856.6069336245208
m7: 2.1141915561526363
m8: 1.539269823345244

R2: 0.9999709313382183
