m1: 2364.724951020479
m2: 977.8274799560377
m3: 2.661893867761671
m4: 1.2036166951956544
m5: 0.2582985154637729
m6: 671.7714638193684
m7: 2.03136256581638
m8: 1.6930331693210694

R2: 0.9999975298675259
