m1: 2205.2405075479564
m2: 379.75978321006374
m3: 3.2932410039722013
m4: 1.2242869338407751
m5: 0.26580968576940767
m6: 911.0876490136919
m7: 1.6006549695881538
m8: 1.645819288468597

R2: 0.9999935285155287
