m1: 2224.845659899158
m2: 526.9413041929228
m3: 2.907414374568634
m4: 1.2874238327017586
m5: 0.2612287397112625
m6: 848.773671081753
m7: 1.5257236794061761
m8: 1.682184346396033

R2: 0.9999941750512858
