m1: 2350.189223449187
m2: 719.4721027836624
m3: 2.7631170785216224
m4: 1.2297285527432589
m5: 0.3254165858089489
m6: 803.2185128257385
m7: 1.673674768768865
m8: 1.6542856548295486

R2: 0.9999778746534513
