m1: 2410.160505715889
m2: 1323.4907589438033
m3: 2.5629252118321393
m4: 1.1802715269962933
m5: 0.21790856201543748
m6: 522.6499988272591
m7: 2.0935993395524077
m8: 1.6796218658024924

R2: 0.9999968374620032
