m1: 2490.918808162191
m2: 1073.4184990879546
m3: 2.756867820200194
m4: 1.1451689554070357
m5: 0.1884509441075081
m6: 691.3409213352872
m7: 1.7741455629568332
m8: 1.618241782375207

R2: 0.9999960896002553
