m1: 2472.3320720647657
m2: 997.7995193806769
m3: 2.7880869582049277
m4: 1.1332928355724714
m5: 0.18848733302789905
m6: 719.7148612542564
m7: 1.8157440714872353
m8: 1.5904964692633496

R2: 0.9999963763395634
