m1: 2507.9159492411072
m2: 1606.7999999956728
m3: 2.442790486759645
m4: 1.2602883995142062
m5: 0.3335484560624516
m6: 431.5536340918599
m7: 1.9365958606819973
m8: 1.8696670464362328

R2: 0.9999926097652199
