m1: 2435.0123717903634
m2: 1257.4300617619463
m3: 2.6552667284124354
m4: 1.1342440712345532
m5: 0.3673971955937181
m6: 567.1268729983966
m7: 1.997257854900477
m8: 1.6604314988791429

R2: 0.9999787717986939
