m1: 2274.384575525882
m2: 535.6000000000369
m3: 2.942073211220579
m4: 1.2571904158133278
m5: 0.29624051931247924
m6: 856.368101076311
m7: 1.7242266310440784
m8: 1.6550536747517441

R2: 0.9999913293017133
