m1: 2326.2415758906563
m2: 1378.644745407349
m3: 2.3998562582278002
m4: 1.337415729284994
m5: 0.5195645220776438
m6: 454.7972927474179
m7: 1.999416799356873
m8: 1.8859968728190677

R2: 0.9999979497932846
