m1: 2390.52026165715
m2: 955.0674646124603
m3: 2.7122243669792225
m4: 1.231995933110045
m5: 0.2984305120785479
m6: 700.8605298146056
m7: 1.800549671593444
m8: 1.681224601079472

R2: 0.9999962650144558
