m1: 2370.5442545961064
m2: 840.2368450764743
m3: 2.7843761750589917
m4: 1.2144778888483425
m5: 0.29875663243690026
m6: 748.1667014348689
m7: 1.842237552453568
m8: 1.6442004723123447

R2: 0.9999956663021752
