m1: 2377.627583001005
m2: 871.467103237543
m3: 2.767313103423045
m4: 1.2197110777225806
m5: 0.298678781682822
m6: 736.1634429734115
m7: 1.8263441593289336
m8: 1.654720753583321

R2: 0.9999959430178319
