m1: 2345.9239832539574
m2: 1006.3602968539783
m3: 2.667039628360242
m4: 1.2109887537592237
m5: 0.24421189183866238
m6: 647.125487397917
m7: 2.1063264267875987
m8: 1.693341101871452

R2: 0.9999968068540781
