m1: 6906.396307748381
m2: 1576.7062423421917
m3: 1.5323446764588151
m4: 1.9336138437914272
m5: 0.25708748486207145
m6: 2653.675185148489
m7: 1.9117789375728946
m8: 3.7746875997529084

R2: 0.9999707850039233
