m1: 2297.2037123099362
m2: 710.5159535747875
m3: 2.0454554337006603
m4: 1.7420343933571776
m5: 0.25411908707140557
m6: 786.274352651465
m7: 1.0377371376438178
m8: 2.6087999999996994

R2: 0.9999300057272453
