m1: 2425.344892178931
m2: 1067.927770833192
m3: 2.6156680566037234
m4: 1.2184290381057168
m5: 0.27114925262772405
m6: 662.140992358866
m7: 1.7699156829797194
m8: 1.6726799105335524

R2: 0.9999960240919431
