m1: 2426.833645211248
m2: 971.1099191434942
m3: 2.801515201408713
m4: 1.1786553106225326
m5: 0.2646754818724131
m6: 711.3269422079721
m7: 1.7718764176026292
m8: 1.6242602408691038

R2: 0.9999873477406632
