m1: 2591.155708754449
m2: 1456.7002591070116
m3: 2.559103626197536
m4: 1.246509889783
m5: 0.26283800241949806
m6: 551.9662888050265
m7: 1.4767239591343841
m8: 1.9014722034524707

R2: 0.9999625801123013
