m1: 2296.100331969329
m2: 393.1343912506868
m3: 3.739779353850735
m4: 1.13629092158051
m5: 0.29266866234470845
m6: 941.5501760967007
m7: 1.753339653035313
m8: 1.5344989197837813

R2: 0.9999934222708015
