m1: 2386.824425311879
m2: 638.0751919626518
m3: 3.414958276550087
m4: 1.1990656715768728
m5: 0.2906114199195814
m6: 868.1819733362129
m7: 1.5476852614191412
m8: 1.6268077532401328

R2: 0.9999888058868845
