m1: 2349.400602639016
m2: 827.4583169218558
m3: 2.706435996193841
m4: 1.2120621725675458
m5: 0.2454450884069758
m6: 742.3264296253435
m7: 1.8685901085134053
m8: 1.6519380297012731

R2: 0.9999923444584516
