m1: 2327.2362749694835
m2: 1378.3640744626953
m3: 2.399817947482101
m4: 1.3375918632182577
m5: 0.5195880974789184
m6: 455.43803177535
m7: 1.9942416282871067
m8: 1.8863882140185413

R2: 0.9999979598441836
