m1: 2429.1159796417846
m2: 1127.0697814064922
m3: 2.679115526240777
m4: 1.1820731003121918
m5: 0.3699495438616728
m6: 631.4761160666638
m7: 1.9448909605332552
m8: 1.6419868093310632

R2: 0.9999916250630443
