m1: 2517.840146509176
m2: 1690.4975608194109
m3: 2.405067743600031
m4: 1.2919752650600327
m5: 0.36249692064354
m6: 398.2592964477781
m7: 1.5360405198623146
m8: 1.882365530921203

R2: 0.9999756328896288
