m1: 2381.3257524507267
m2: 1178.8204596111982
m3: 2.5826949493605613
m4: 1.228057888988537
m5: 0.19284059261666853
m6: 580.4144195138458
m7: 1.935963321010612
m8: 1.7046892119972412

R2: 0.9999834572790143
