m1: 2410.2578166000562
m2: 897.8923646874832
m3: 2.788583717442064
m4: 1.2146743706288887
m5: 0.2502140865726066
m6: 737.7045653115872
m7: 1.8865991470259074
m8: 1.6510570483687506

R2: 0.9999950799951522
