m1: 2381.479039595211
m2: 666.8975714350113
m3: 2.990419925603251
m4: 1.1678378638415616
m5: 0.25205006679838926
m6: 837.9838597766518
m7: 1.9670113314037594
m8: 1.592243334110752

R2: 0.9999931925869096
