m1: 2162.538387447637
m2: 672.1235014818305
m3: 2.5473111107282747
m4: 1.2718488790596718
m5: 0.20678297226371012
m6: 736.5410783583338
m7: 1.572502172922311
m8: 1.6997763015320375

R2: 0.9999974432540575
