m1: 2433.932919239634
m2: 1188.2190065272587
m3: 2.6073100268234293
m4: 1.1911018910888123
m5: 0.29867795920492185
m6: 603.1397638805712
m7: 1.9280910941722067
m8: 1.6749584204431545

R2: 0.9999966088901494
