m1: 2442.0024270738177
m2: 1211.244396696858
m3: 2.601736588049682
m4: 1.1943436842831596
m5: 0.2987695181707837
m6: 595.6716720799268
m7: 1.9117461713335733
m8: 1.6863432457386958

R2: 0.9999967683693683
