m1: 3085.818048067295
m2: 1907.8853655543114
m3: 2.389564313182616
m4: 1.21037042926105
m5: 0.2520034074256429
m6: 572.2669168590826
m7: 1.6621674017049597
m8: 2.3655097386142536

R2: 0.999952747554714
