m1: 2486.0147629320554
m2: 1271.8760778805288
m3: 2.6395953428119823
m4: 1.125800759782187
m5: 0.25770379663302095
m6: 588.4779900616581
m7: 1.8060804603965581
m8: 1.638237219792674

R2: 0.9999908949673234
