m1: 2445.2280864173613
m2: 1431.9542538189683
m3: 2.514152443608345
m4: 1.2467728401323714
m5: 0.3020498040899872
m6: 484.58700920289544
m7: 2.0227831120446726
m8: 1.775800729121396

R2: 0.999990440043733
