m1: 2419.19516986632
m2: 701.3368998470849
m3: 3.011552505573201
m4: 1.2114637948520468
m5: 0.24076295252273394
m6: 843.8112631850686
m7: 1.818937796071905
m8: 1.6170278132766693

R2: 0.9999946531004186
