m1: 2371.450928295164
m2: 350.6735788458628
m3: 3.503917453124529
m4: 1.1162788934898622
m5: 0.2424366897372955
m6: 994.2680584012455
m7: 1.9757580746658765
m8: 1.537946708501143

R2: 0.999986267971843
