m1: 2321.5796715221
m2: 857.8942342929815
m3: 2.727895766288647
m4: 1.181400472325863
m5: 0.24598090642196185
m6: 714.5708047888245
m7: 1.7878301674266937
m8: 1.619564103553917

R2: 0.9999950756914622
