m1: 2353.745808952634
m2: 1310.5627928386687
m3: 2.5451384464229885
m4: 1.1773009476952214
m5: 0.1967718379511347
m6: 499.43892927088956
m7: 2.1013637976748853
m8: 1.6822301839951999

R2: 0.9999963331344648
