m1: 2465.284787767152
m2: 1161.5983198972363
m3: 2.6848851800132496
m4: 1.1891126674940382
m5: 0.19674234465091112
m6: 633.2556857665072
m7: 1.7745735155596885
m8: 1.6794679315390648

R2: 0.9999961603344217
