m1: 2478.7630925860626
m2: 1187.4105712760634
m3: 2.683169005370275
m4: 1.192290774417476
m5: 0.1967253720157599
m6: 627.1861238713458
m7: 1.7484083522805733
m8: 1.6960209121299115

R2: 0.9999960615385074
