m1: 2384.8770956825383
m2: 702.8204144784684
m3: 2.9593944304448496
m4: 1.2002524719584053
m5: 0.3000537879521184
m6: 826.2001959402992
m7: 1.7910867563566528
m8: 1.62241583195273

R2: 0.9999931781236959
