m1: 2373.3865611289507
m2: 1054.2153774041171
m3: 2.592795117169106
m4: 1.2269164415801048
m5: 0.3034540252829855
m6: 641.5705022145662
m7: 1.9379545916732088
m8: 1.7001693518653382

R2: 0.9999927785171759
