m1: 2397.2779691180845
m2: 986.3302495064485
m3: 2.7476051783969915
m4: 1.1514726556747266
m5: 0.21218366115858617
m6: 682.199746104897
m7: 2.068288096124817
m8: 1.638363251822193

R2: 0.9999910172621278
