m1: 2437.3062979963283
m2: 1274.994937033669
m3: 2.578243399765138
m4: 1.1941159329486983
m5: 0.23290198643935484
m6: 559.8351529958231
m7: 2.0411021406179493
m8: 1.696352128218191

R2: 0.9999892881443839
