m1: 2264.9839932586574
m2: 535.6000014033824
m3: 3.172270213148521
m4: 1.1568314285373684
m5: 0.21600990988907415
m6: 852.4962271117621
m7: 1.7134234137866562
m8: 1.5695883862490347

R2: 0.9999885978957053
