m1: 2209.146532928389
m2: 2182.3070307515704
m3: 1.9428495650716446
m4: 1.5491600890528112
m5: -0.20538296287576144

R2: 0.9999010197445677
