m1: 2382.178287075895
m2: 1074.2999124083176
m3: 2.5807150341449328
m4: 1.1883194676196798
m5: 0.23121868484882344
m6: 634.6368401523968
m7: 1.8717485827769968
m8: 1.676274706858552

R2: 0.9999972877082959
