m1: 2416.5444927428307
m2: 1303.1165649485365
m3: 2.5883401787180236
m4: 1.119837374312799
m5: 0.2681411357659842
m6: 536.341061509946
m7: 1.9896401965223574
m8: 1.6313874007798148

R2: 0.999995131620781
