m1: 2439.629014308022
m2: 1116.9665619188622
m3: 2.6650278307840156
m4: 1.1030346234479929
m5: 0.2945650506138356
m6: 641.4063893741007
m7: 1.9454124153595458
m8: 1.577570946234072

R2: 0.9999806633309636
