m1: 2253.641386195937
m2: 535.6000001938047
m3: 3.1010633152072136
m4: 1.2591185161383687
m5: 0.27363168825606854
m6: 845.6705390530658
m7: 1.7214732306920948
m8: 1.6745495257341838

R2: 0.9999967416770134
