m1: 2370.749445888445
m2: 909.3996702756999
m3: 2.65809764005964
m4: 1.2034978070867595
m5: 0.22172129312584554
m6: 712.1966265217919
m7: 1.858489090186792
m8: 1.6338205268283064

R2: 0.9999914505759883
