m1: 2611.1377324172868
m2: 1486.8024121320911
m3: 2.6374657442089875
m4: 1.1839577396806018
m5: 0.21212284213268637
m6: 544.5429558033829
m7: 1.5589846059110233
m8: 1.854163917406307

R2: 0.9999586848244464
