m1: 2450.013909025414
m2: 991.2016080899475
m3: 2.842969699361768
m4: 1.1261511317505035
m5: 0.21236444605727137
m6: 712.0782679601217
m7: 1.8063256830721373
m8: 1.569715473872294

R2: 0.9999841466556016
