m1: 2328.7226878042793
m2: 1365.9377381961463
m3: 2.4048833177261524
m4: 1.3358997270852675
m5: 0.5196939051313644
m6: 462.3776781578392
m7: 1.9816258707243302
m8: 1.8826627564479816

R2: 0.9999979581830255
