m1: 2478.5493954623817
m2: 1211.3046150366795
m3: 2.6316727411100036
m4: 1.2580390351261126
m5: 0.23480554953151925
m6: 615.2404867140166
m7: 1.827087219524703
m8: 1.7272296312113649

R2: 0.9999919679161754
