m1: 2409.022404817128
m2: 677.598923479699
m3: 3.008585906805598
m4: 1.1772726946094172
m5: 0.23646928674540516
m6: 846.807515023483
m7: 1.969446754888541
m8: 1.577805735985742

R2: 0.9999864577657368
