m1: 2353.1537895461715
m2: 996.5915364717886
m3: 2.4915373847685003
m4: 1.3597479372876038
m5: 0.250549313964994
m6: 678.8943863077733
m7: 1.303575334755956
m8: 1.8800620182276933

R2: 0.9999933171348853
