m1: 2413.512222123198
m2: 882.1747741161242
m3: 2.8914194003436813
m4: 1.0841810342011537
m5: 0.3696173532826961
m6: 745.0283199827179
m7: 1.9489556476723024
m8: 1.5570263640730233

R2: 0.9999762601168998
