m1: 2404.778499918234
m2: 1364.4940552783467
m3: 2.5725449215759872
m4: 1.196992551587218
m5: 0.23704340607503524
m6: 498.554211494792
m7: 2.05328780253294
m8: 1.707633834440658

R2: 0.9999827362134471
