m1: 2327.056118600883
m2: 1378.3526442306065
m3: 2.3998543660676472
m4: 1.33754732685319
m5: 0.5195846759671807
m6: 455.3528419443866
m7: 1.9951677179815972
m8: 1.8862970302555586

R2: 0.9999979580144798
