m1: 2354.810844510732
m2: 721.7081972663208
m3: 2.9695645906283974
m4: 1.1602848160553456
m5: 0.16560709611361735
m6: 797.8031833950704
m7: 1.8848569799559203
m8: 1.5853656235136326

R2: 0.9999794086149302
