m1: 2289.9150121071525
m2: 841.6194658676377
m3: 2.5949268064434228
m4: 1.3011620730081
m5: 0.3068949753629829
m6: 725.8949275099625
m7: 1.342340572903832
m8: 1.7806385925172505

R2: 0.9999905736108765
