m1: 2289.9174140772343
m2: 841.6312718236494
m3: 2.5949133626527248
m4: 1.301163698871707
m5: 0.3068950464391669
m6: 725.89020231501
m7: 1.3423362130057916
m8: 1.7806434037012766

R2: 0.9999905736310978
