m1: 2189.5615027692747
m2: 522.7755554397894
m3: 2.1387325623672315
m4: 1.7194854960615957
m5: 0.24846534633065076
m6: 824.2533128024934
m7: 1.1525711696711565
m8: 2.48793650216241

R2: 0.9997194150819511
