m1: 2287.457651903425
m2: 816.4354945521011
m3: 2.6300071650019485
m4: 1.3017361130918035
m5: 0.3038147496646693
m6: 737.8270237794109
m7: 1.3446682722471486
m8: 1.774662856554053

R2: 0.9999903997387376
