m1: 2246.095187921081
m2: 535.6000000000001
m3: 3.0504305206564504
m4: 1.172738007006112
m5: 0.2504260176161764
m6: 841.8238548277722
m7: 1.742080950229959
m8: 1.5786804721903365

R2: 0.9999955234541487
