m1: 2316.6530440608412
m2: 310.06916175659865
m3: 4.304022098301768
m4: 1.1345955817731725
m5: 0.23624550119822846
m6: 994.4324739181266
m7: 1.7599548880634974
m8: 1.5395394520740149

R2: 0.9999915393622186
