m1: 2323.9863002251504
m2: 298.24063418061286
m3: 4.705056785368935
m4: 1.146161414623508
m5: 0.23152322432427389
m6: 1006.1646021155474
m7: 1.7301733683322418
m8: 1.54490142737127

R2: 0.9999906190476298
