m1: 2298.3827020429444
m2: 309.4401893715662
m3: 4.032411771091348
m4: 1.170270981557934
m5: 0.2692629986390618
m6: 983.8718614900508
m7: 1.776828501797005
m8: 1.5893249979924986

R2: 0.9999959176742695
