m1: 2461.455444653952
m2: 779.4421204903421
m3: 3.5392796038352623
m4: 1.2845688738529981
m5: 0.26337615952523385
m6: 836.008262235839
m7: 1.4212316216904741
m8: 1.7735941833839481

R2: 0.9999782089722518
