m1: 2395.4008231847415
m2: 1029.9677637320997
m3: 2.6118570260717497
m4: 1.2297800608463152
m5: 0.28638817918836135
m6: 662.058848232378
m7: 1.9573093728721829
m8: 1.7103680385927342

R2: 0.9999874240244949
