m1: 2413.8644563735565
m2: 1386.4204930309857
m3: 2.3963846222133247
m4: 1.2187242890956707
m5: 0.24990184312217295
m6: 496.04946385315355
m7: 1.8358777493873835
m8: 1.7622738391214814

R2: 0.999977734924758
