m1: 2395.6291859653747
m2: 1137.0606459162611
m3: 2.6180642371911116
m4: 1.2462477823754587
m5: 0.28127856763490344
m6: 609.4450478105069
m7: 1.9821419780651377
m8: 1.734675630410564

R2: 0.9999764190889124
