m1: 2380.3137321256104
m2: 1174.139649063089
m3: 2.58562243507983
m4: 1.1988398180356308
m5: 0.2717345605893749
m6: 582.6812610963815
m7: 1.9698424744087948
m8: 1.6844914991076774

R2: 0.9999834637197828
