m1: 2337.3507078699336
m2: 1128.1015163391517
m3: 2.5828847398737507
m4: 1.1185357492882424
m5: 0.22480541094496423
m6: 582.2307975520637
m7: 2.1254237090431416
m8: 1.6160292156497926

R2: 0.9999961420636807
