m1: 2338.728926672684
m2: 657.4942988755968
m3: 2.9856242127751136
m4: 1.2029013131347552
m5: 0.25259670103235726
m6: 830.6226395580527
m7: 1.6241741002451755
m8: 1.636219428938966

R2: 0.9999761736757452
