m1: 2478.6351156035034
m2: 1144.2567344208937
m3: 2.6956177152427396
m4: 1.1598433504878847
m5: 0.20992986399492364
m6: 649.4536951763198
m7: 1.825282194461153
m8: 1.614876187527295

R2: 0.9999902549005345
