m1: 2533.690232454831
m2: 1420.0765879150595
m3: 2.6212628148258568
m4: 1.1884676259491305
m5: 0.21033511092289747
m6: 538.6943055496956
m7: 1.7067981480239824
m8: 1.7443038299269833

R2: 0.9999843075191925
