m1: 2383.088383991214
m2: 1000.720268140159
m3: 2.6687022066609805
m4: 1.1756503322948448
m5: 0.21423592535094577
m6: 669.8347865017053
m7: 2.0008500639043207
m8: 1.646180812228151

R2: 0.9999896044304777
