m1: 2328.31107055004
m2: 537.4874019046474
m3: 3.141479032911104
m4: 1.1754999976734697
m5: 0.22918451916437663
m6: 879.6783112553926
m7: 1.8596483321662427
m8: 1.6023829064995452

R2: 0.9999945908063903
