m1: 2342.8686270494854
m2: 675.0312298129865
m3: 2.9670636311942915
m4: 1.2093300362883004
m5: 0.22866640619304848
m6: 818.4977819626357
m7: 1.803047351130234
m8: 1.6351204354614115

R2: 0.9999959154745113
