m1: 2364.955422318465
m2: 1101.752940977219
m3: 2.5657243170519095
m4: 1.2490108979704089
m5: 0.3013346432615035
m6: 612.5008064718087
m7: 1.9668102088610926
m8: 1.7210203703705005

R2: 0.9999933885623732
