m1: 2321.2072008845594
m2: 1096.6310214971334
m3: 2.5779651363141354
m4: 1.2491071841838526
m5: 0.30088698827810767
m6: 593.0716093431133
m7: 2.0158249071606535
m8: 1.6925402334240829

R2: 0.9999824942580742
