m1: 2326.258924058525
m2: 1378.6264152152735
m3: 2.3998612368071126
m4: 1.3374164678595626
m5: 0.5195650718432243
m6: 454.8151448421979
m7: 1.9993212973249597
m8: 1.8859988974070419

R2: 0.9999979499595694
