m1: 2382.561686003967
m2: 931.8563402079598
m3: 2.6983318674669685
m4: 1.2411002032274303
m5: 0.23125692700057604
m6: 705.4573738008489
m7: 1.9137680459868325
m8: 1.6803183448738617

R2: 0.9999937980838403
