m1: 2458.488895978153
m2: 1328.0227946104446
m3: 2.5216291230328824
m4: 1.2273261509007818
m5: 0.3022917015241383
m6: 547.1089223371914
m7: 1.805496872786539
m8: 1.7497926883404233

R2: 0.9999901214736928
