m1: 2458.486755591499
m2: 1328.026556194761
m3: 2.5216262324157332
m4: 1.2273258766739215
m5: 0.30229179808732176
m6: 547.1058833539712
m7: 1.8055068869048052
m8: 1.7497929202155391

R2: 0.9999901214443758
