m1: 2458.4947539480418
m2: 1327.973792999301
m3: 2.5216578977967057
m4: 1.2273229971432897
m5: 0.30229138821333906
m6: 547.1367219232187
m7: 1.8054545648443459
m8: 1.7497785883235517

R2: 0.9999901215231719
