m1: 2396.188853504183
m2: 1006.3711759717942
m3: 2.6543802049624907
m4: 1.1880866851017886
m5: 0.3022069205538733
m6: 676.9820082876442
m7: 1.8829463446955401
m8: 1.6212183992087943

R2: 0.9999866892140962
