m1: 2436.024257965037
m2: 1450.2931736788614
m3: 2.364611274337635
m4: 1.2983358755934657
m5: 0.3176145360725235
m6: 474.81783339714366
m7: 1.8015545078073478
m8: 1.8702560523337524

R2: 0.9999841870639816
