m1: 2366.701929366275
m2: 777.836075887871
m3: 2.822820380827196
m4: 1.0470066746623599
m5: 0.2710372339305005
m6: 774.98106542008
m7: 1.914125456523292
m8: 1.5083241851363451

R2: 0.9999785146874279
