m1: 2460.015390955443
m2: 1009.1031601159239
m3: 2.7779749664344173
m4: 1.1556059786988497
m5: 0.19208539700994162
m6: 709.8502966439244
m7: 1.737287581798252
m8: 1.601782511116727

R2: 0.9999929315427359
