m1: 2439.523917718918
m2: 504.55747713438456
m3: 3.581688923157269
m4: 1.0589224787497873
m5: 0.19222417771643024
m6: 952.8524528459519
m7: 1.8391676825778238
m8: 1.495931668031238

R2: 0.9999840570001676
