m1: 2460.016285765363
m2: 1009.1141522500991
m3: 2.7779650413520756
m4: 1.1556072333282081
m5: 0.19208542467670722
m6: 709.8451956159315
m7: 1.7372867289370937
m8: 1.6017856275440145

R2: 0.9999929315523108
