m1: 2396.083269575717
m2: 756.0490257804107
m3: 2.959167595567786
m4: 1.136283351849778
m5: 0.3717248411169428
m6: 801.7326137600363
m7: 1.9442905408998525
m8: 1.5512853131407538

R2: 0.9999864693292472
