m1: 2419.7763613530783
m2: 1133.988193871133
m3: 2.691497435197601
m4: 1.2053385239794634
m5: 0.37187985241524557
m6: 624.241930705573
m7: 1.8392292268465906
m8: 1.6369891698806982

R2: 0.9999801838084303
