m1: 2333.8053378431136
m2: 634.3026154861298
m3: 3.0349023357544485
m4: 1.1701711516270825
m5: 0.2705524412648263
m6: 837.7874626237151
m7: 1.6915165673241725
m8: 1.6104892533485182

R2: 0.9999717743509737
