m1: 2426.441891107802
m2: 1258.333878693274
m3: 2.5962847746257514
m4: 1.2171028168789793
m5: 0.2647678824571892
m6: 562.5715508217796
m7: 2.056732585624137
m8: 1.712694979035478

R2: 0.9999959752435016
