m1: 2259.08361460772
m2: 578.3012194680301
m3: 2.8479857864938767
m4: 1.1288685796202953
m5: 0.30635095643200844
m6: 827.3252765903359
m7: 1.7156831555456522
m8: 1.5687649021961585

R2: 0.9999982415740276
