m1: 2343.698427199439
m2: 907.8240901895458
m3: 2.6520639905098373
m4: 1.2416264023894807
m5: 0.3025815917224873
m6: 701.4570885497326
m7: 1.8261813503399653
m8: 1.6773636910064968

R2: 0.9999960643250053
