m1: 2333.23815009551
m2: 934.9192081701229
m3: 2.6224817293279847
m4: 1.2465625338550612
m5: 0.30388127275975485
m6: 682.244857988319
m7: 1.8416177777069507
m8: 1.674331776387501

R2: 0.99999553169696
