m1: 2313.7981690153283
m2: 628.4670102496084
m3: 2.9154868359135384
m4: 1.136795406681813
m5: 0.23604264092914357
m6: 826.7767824711383
m7: 1.807036984805318
m8: 1.5639672344181552

R2: 0.9999909479090557
