m1: 2416.8243796346314
m2: 1165.9803049709315
m3: 2.6459435217115455
m4: 1.2220245293574934
m5: 0.2886486262106908
m6: 604.4615959970992
m7: 1.9775813234351436
m8: 1.7071512185788509

R2: 0.9999970663927097
