m1: 2412.418919490413
m2: 1142.3361637541877
m3: 2.6611614407740594
m4: 1.2174281444359756
m5: 0.288701108955443
m6: 614.0040121679822
m7: 1.9889621533843374
m8: 1.6991334156145352

R2: 0.9999969302990293
