m1: 2352.767126279916
m2: 701.2414986616058
m3: 2.865211625498104
m4: 1.2872955440443907
m5: 0.2754860397756291
m6: 814.636989817768
m7: 1.648752492729042
m8: 1.6933194481409626

R2: 0.999992504644903
