m1: 2448.481718312924
m2: 1226.3394092925287
m3: 2.506371714738113
m4: 1.296294261158354
m5: 0.2878394517754014
m6: 593.6570968775756
m7: 1.743730642101928
m8: 1.8167466254848303

R2: 0.9999792932781368
