m1: 2373.3537036577095
m2: 896.0210521314135
m3: 2.732750120048638
m4: 1.322736789578569
m5: 0.21227546208348094
m6: 721.4646658632563
m7: 1.7407004646831197
m8: 1.7917709936060933

R2: 0.999996410056113
