m1: 2290.025364823887
m2: 271.6159012671302
m3: 4.611112535165039
m4: 1.1570026315251511
m5: 0.27899410905785765
m6: 999.9528224000987
m7: 1.7818993378628825
m8: 1.5673837089497822

R2: 0.9999920645362671
