m1: 2298.8564035734353
m2: 287.6740983837439
m3: 4.154385843891505
m4: 1.1483284647247123
m5: 0.28427862362157746
m6: 994.8176938555171
m7: 1.7887188539997858
m8: 1.570387524334647

R2: 0.9999942036257562
