m1: 2463.1502594428075
m2: 953.3743321254611
m3: 2.8999149432981746
m4: 1.1850710733091034
m5: 0.16768707560890866
m6: 738.8840964313702
m7: 1.720090335253687
m8: 1.6475091688343249

R2: 0.9999784183610009
