m1: 2513.4454610327152
m2: 1430.089500970353
m3: 2.6342936186859225
m4: 1.2531192379990077
m5: 0.16595442035579872
m6: 526.1580685763787
m7: 1.499688562122777
m8: 1.844840104584916

R2: 0.999943550553985
