m1: 2409.88257195707
m2: 1009.3398323378522
m3: 2.7607175453907753
m4: 1.155332620830516
m5: 0.27491136210439676
m6: 681.680229641478
m7: 1.913038194603958
m8: 1.5984457872896907

R2: 0.9999892916139257
