m1: 2433.876799521583
m2: 1276.7512225128767
m3: 2.6409159278605214
m4: 1.189766829250541
m5: 0.2746856277965994
m6: 559.7273408925113
m7: 1.8618415134655624
m8: 1.6905538655191186

R2: 0.9999820016214478
