m1: 2170.03688175299
m2: 635.072784498477
m3: 2.7055182601902104
m4: 1.3356007226744782
m5: 0.3788306658107003
m6: 759.1748736702841
m7: 1.554835566089732
m8: 1.737701267382339

R2: 0.9999836978213741
