m1: 2326.217824946149
m2: 1378.671194929966
m3: 2.399848894024301
m4: 1.3374148927291845
m5: 0.5195637830935547
m6: 454.7721722400938
m7: 1.9995484316356023
m8: 1.8859946046954421

R2: 0.9999979495666114
