m1: 2391.840848312746
m2: 1092.1052351480755
m3: 2.6635926197385427
m4: 1.2248329720473086
m5: 0.22654958950184295
m6: 626.4903952911137
m7: 2.1341965316389127
m8: 1.6965781236723287

R2: 0.9999921341313474
