m1: 2323.3887974790287
m2: 1064.0957961376444
m3: 2.625099652737296
m4: 1.2741050629924473
m5: 0.34733643454542906
m6: 607.4415971239687
m7: 2.11924842533047
m8: 1.693905543206761

R2: 0.9999858912901817
