m1: 2345.241937944309
m2: 1072.9818946996022
m3: 2.6085168669990586
m4: 1.261263456030945
m5: 0.21694753500348396
m6: 616.2039935057003
m7: 1.9002927396607547
m8: 1.717428207366502

R2: 0.9999966650245422
