m1: 2412.7077089578947
m2: 1381.1515361657005
m3: 2.493204892560778
m4: 1.1785872458253115
m5: 0.28737136647213024
m6: 496.1671098474927
m7: 2.079395744021545
m8: 1.6956308667713773

R2: 0.9999984225505085
