m1: 2426.2575277307774
m2: 1342.8898167449827
m3: 2.5864328337769265
m4: 1.257386545892042
m5: 0.2569218744033609
m6: 519.066362814569
m7: 2.1014219708156396
m8: 1.7544669972361566

R2: 0.9999940686258356
