m1: 2335.0768132993226
m2: 928.3990128424289
m3: 2.6822373374862676
m4: 1.288484822098474
m5: 0.35349571485334397
m6: 684.1905714410481
m7: 1.884399887460787
m8: 1.7248310038128434

R2: 0.9999908044084411
