m1: 2375.7092225577635
m2: 1195.9327754829778
m3: 2.6532558126970343
m4: 1.1724170032196484
m5: 0.266669169360317
m6: 566.8300751911814
m7: 2.1480146879907225
m8: 1.6595609865244636

R2: 0.9999887240155636
