m1: 2366.422153034322
m2: 906.8948464316845
m3: 2.6784447919123098
m4: 1.0822631258327153
m5: 0.2729481267472231
m6: 710.8781178255913
m7: 1.8755381129443272
m8: 1.5576884773282922

R2: 0.9999811127138861
