m1: 2137.198580834506
m2: 535.6000146270276
m3: 2.7826116506347987
m4: 1.2241612205100758
m5: 0.2684994696807801
m6: 793.3758543773434
m7: 1.5737483805454962
m8: 1.6316189511856323

R2: 0.9999842792445589
