m1: 2418.372986893898
m2: 1217.034256599212
m3: 2.6147935563395963
m4: 1.1978925298830259
m5: 0.30728728207681844
m6: 580.0034527437347
m7: 1.9672922165931304
m8: 1.6963197242482397

R2: 0.9999967725362771
