m1: 2418.314430266021
m2: 1221.7202012227474
m3: 2.6124473075529915
m4: 1.2002827169003354
m5: 0.30711483216702623
m6: 577.7601532136292
m7: 1.9526094634764624
m8: 1.6966737095991926

R2: 0.9999967372046776
