m1: 2224.231645708306
m2: 668.3371240278184
m3: 2.662492324230462
m4: 1.312270765272063
m5: 0.2750282411704894
m6: 777.2463314887245
m7: 1.5011039443428777
m8: 1.6987761621325914

R2: 0.999992247798236
