m1: 2204.901897676445
m2: 334.1918497747344
m3: 3.471195600158
m4: 1.2298095685788446
m5: 0.26842367154562896
m6: 935.4062844420706
m7: 1.6032738582335462
m8: 1.6381561505936635

R2: 0.9999887776034447
