m1: 2419.9423664304213
m2: 815.7179579950532
m3: 2.90118481984347
m4: 1.1755338661775043
m5: 0.24861980840872924
m6: 781.3862288805225
m7: 1.9738930357204165
m8: 1.6305768247711738

R2: 0.9999954502276156
