m1: 2433.809221903902
m2: 941.0272910895318
m3: 2.792076400361174
m4: 1.2009542003762372
m5: 0.24800777421210565
m6: 725.95982995624
m7: 1.9397500146399809
m8: 1.6628159260059072

R2: 0.9999960864442894
