m1: 2422.261071268494
m2: 805.4673338208752
m3: 2.9187449396091587
m4: 1.175318434773432
m5: 0.24849639943989618
m6: 787.8111967878392
m7: 1.962604450852169
m8: 1.6291693224763713

R2: 0.9999955474058085
