m1: 2424.854939188649
m2: 848.8207519504313
m3: 2.8746672636603505
m4: 1.1826348102093818
m5: 0.2483270042706082
m6: 767.4248441384588
m7: 1.9617668599481672
m8: 1.6396451323846115

R2: 0.9999957064345365
