m1: 2377.4958587777055
m2: 1393.1572401515614
m3: 2.4832712879453704
m4: 1.207755452995867
m5: 0.2614255633569478
m6: 472.8694249415919
m7: 2.091051805948566
m8: 1.7416593290878066

R2: 0.9999810501188684
