m1: 2180.6119830602743
m2: 1039.4258035679015
m3: 1.751489035105603
m4: 1.740171630264187
m5: 0.2522877501521111
m6: 562.4275490511253
m7: 1.0218314841262064
m8: 2.6169515785681723

R2: 0.9999983788278902
