m1: 2288.5652375645727
m2: 535.6000000050251
m3: 3.025746606163303
m4: 1.1722736551724786
m5: 0.21608417001511865
m6: 864.3799950062555
m7: 1.7111638242324527
m8: 1.5936824718553069

R2: 0.99999027513867
