m1: 2449.512176510492
m2: 1113.0639028570813
m3: 2.6745660017170074
m4: 1.186494810696364
m5: 0.24110668334388233
m6: 647.1208978162152
m7: 1.9863787259965386
m8: 1.6874897326979779

R2: 0.9999833905682796
