m1: 2296.662651880186
m2: 617.6220639703769
m3: 2.9739899594914414
m4: 1.2269986892194806
m5: 0.26931216791372486
m6: 822.685175777688
m7: 1.829225568085876
m8: 1.6460311280390765

R2: 0.9999956537154506
