m1: 2350.560590848033
m2: 1078.9690176368883
m3: 2.6086431927661313
m4: 1.259035785878271
m5: 0.26513836485504233
m6: 615.7340176030052
m7: 1.9199076926684457
m8: 1.7202359833540732

R2: 0.9999952604011947
