m1: 2330.775556671039
m2: 1190.8870098648401
m3: 2.486704402136555
m4: 1.1517279562182936
m5: 0.22789754384591895
m6: 549.786790638234
m7: 2.040904931341314
m8: 1.6673882639833153

R2: 0.9999976772493435
