m1: 2429.4490354476075
m2: 1462.3968211055928
m3: 2.4864997876476105
m4: 1.2720655478530558
m5: 0.37829662673806075
m6: 463.5194139301831
m7: 2.0378623763638464
m8: 1.8412751860273018

R2: 0.9999917230571049
