m1: 2390.271254201807
m2: 1257.6998278277501
m3: 2.4813367535886006
m4: 1.3101413513890694
m5: 0.30872759324274474
m6: 548.2440738554186
m7: 1.7961351978109343
m8: 1.831626572670251

R2: 0.9999948291542903
