m1: 2393.271502955569
m2: 902.3684276710347
m3: 2.827303349002898
m4: 1.1586354480788585
m5: 0.19918886639877606
m6: 727.3648672521514
m7: 1.8595824482316305
m8: 1.582079395577862

R2: 0.9999936435569261
