m1: 2415.7749391091857
m2: 983.0062410646209
m3: 2.7760582496836013
m4: 1.1689058782863775
m5: 0.19918532527918859
m6: 698.296805854956
m7: 1.8276042084500392
m8: 1.6129788896142605

R2: 0.9999945126545222
