m1: 2395.654641735235
m2: 903.9174868070802
m3: 2.827046880573186
m4: 1.1587279507060746
m5: 0.1991849010276659
m6: 727.7945811996975
m7: 1.857381408793962
m8: 1.5836012941839108

R2: 0.9999937993988466
