m1: 2402.680707024724
m2: 929.6833732360548
m3: 2.809886274915764
m4: 1.1620230372473175
m5: 0.19918505275478413
m6: 718.4211277172003
m7: 1.8475131424816487
m8: 1.5931711010924914

R2: 0.9999941624659296
