m1: 2357.9793824511494
m2: 1379.281140948485
m3: 2.5113902580914185
m4: 1.1970953474223542
m5: 0.26088464891955016
m6: 469.5700158560163
m7: 2.273552109954689
m8: 1.719957629107256

R2: 0.9999767318382516
