m1: 2396.248136594103
m2: 1065.8233175666571
m3: 2.623828178346614
m4: 1.1737256020449403
m5: 0.20795088998724273
m6: 649.4165716516515
m7: 1.7353919200548567
m8: 1.647166062142827

R2: 0.9999952460747896
