m1: 2422.226750559854
m2: 1216.9495159000048
m3: 2.5461521489366246
m4: 1.1898264872511166
m5: 0.20887905363617779
m6: 586.0821094150411
m7: 1.7164871214548256
m8: 1.7096433129903745

R2: 0.99999532500836
