m1: 2369.0778179252266
m2: 783.2795473415546
m3: 2.7588746015095644
m4: 1.1766008564049788
m5: 0.30041736813759695
m6: 781.5099704314752
m7: 1.6473004728243055
m8: 1.6172012436844656

R2: 0.9999966705112563
