m1: 2326.199973763743
m2: 1378.6906069366887
m3: 2.399843453141703
m4: 1.3374143169121244
m5: 0.5195631854702467
m6: 454.75353619892184
m7: 1.9996462895430545
m8: 1.885992662569551

R2: 0.9999979493955912
