m1: 2451.656637153637
m2: 1321.2536161715893
m3: 2.5420475862901646
m4: 1.2474119115591598
m5: 0.29825610282239634
m6: 544.380146263927
m7: 1.9869039810725022
m8: 1.7571919040925652

R2: 0.9999905066636753
