m1: 2231.309340415042
m2: 620.7211820342158
m3: 2.8184359786487225
m4: 1.3713657025469599
m5: 0.36980443313376554
m6: 802.7348251876052
m7: 1.4730778887284812
m8: 1.7949743199439794

R2: 0.9999793844437036
