m1: 2380.2538328770293
m2: 1309.4619036985541
m3: 2.555069609512016
m4: 1.3078247265609813
m5: 0.3492097724515987
m6: 513.5684407719929
m7: 2.047407071670884
m8: 1.8130610541467291

R2: 0.9999901987098638
