m1: 2435.489238208953
m2: 1382.7123798474156
m3: 2.5592591751774867
m4: 1.206128889737624
m5: 0.22896687197637455
m6: 503.8737078183648
m7: 2.0931845783295433
m8: 1.7107513572898985

R2: 0.9999866073806949
