m1: 2260.0835541061174
m2: 535.6000000042641
m3: 2.87535604975973
m4: 1.1878462030650723
m5: 0.23935232110203675
m6: 849.6587216726947
m7: 1.7235343486062273
m8: 1.6088167247015437

R2: 0.9999966058712362
