m1: 2381.040060247687
m2: 776.0625082325022
m3: 2.7334565038660013
m4: 1.222859362824174
m5: 0.3487057663093144
m6: 790.190967721145
m7: 1.6898370660228825
m8: 1.6540669801499701

R2: 0.9999913110352474
