m1: 2312.503078713728
m2: 373.6496995949154
m3: 4.1261992261064995
m4: 1.1551276457375965
m5: 0.17656180135794708
m6: 961.4651689936359
m7: 1.702735953715479
m8: 1.5739633712555499

R2: 0.9999843190861888
