m1: 2318.545787254183
m2: 267.80000000001235
m3: 4.953145800146811
m4: 1.121818405051423
m5: 0.17746305386679112
m6: 1017.912471784292
m7: 1.739093406031065
m8: 1.5540970704759047

R2: 0.999974304613434
