m1: 2398.114770818542
m2: 1262.6117115756958
m3: 2.6098855605096483
m4: 1.2095610359273323
m5: 0.162313112898182
m6: 545.6180178128261
m7: 2.0392937440250263
m8: 1.714151301405551

R2: 0.9999828108094944
