m1: 2256.806511889667
m2: 535.6000000000034
m3: 2.956741553647479
m4: 1.2540631727731397
m5: 0.2562451488568233
m6: 847.8115818465619
m7: 1.7089063970285727
m8: 1.6839727307815333

R2: 0.9999971897330918
