m1: 2394.3289727358574
m2: 1239.0069911386413
m3: 2.5896226697061304
m4: 1.1549230249952076
m5: 0.22888712669185088
m6: 554.8758617758868
m7: 2.12687580613459
m8: 1.6685916525661622

R2: 0.9999897455979484
