m1: 2232.0993282632553
m2: 326.85039080877385
m3: 3.752727692243712
m4: 1.1756718063435063
m5: 0.20717643530207205
m6: 954.0531732485609
m7: 1.5663619741722576
m8: 1.6195356731897734

R2: 0.999972658376186
