m1: 2195.5891915633747
m2: 374.57021566608466
m3: 3.4275234245950528
m4: 1.2109183806612422
m5: 0.20830052815832378
m6: 911.5810183471202
m7: 1.5744989050639826
m8: 1.6029466913350483

R2: 0.9999926501755253
