m1: 2206.14851309397
m2: 353.07453278396866
m3: 3.5717404064673604
m4: 1.2306847552536162
m5: 0.23950738435742272
m6: 928.3322432231014
m7: 1.542589647331718
m8: 1.6319617437517147

R2: 0.9999970986371914
