m1: 2193.3024900701794
m2: 267.8000000000693
m3: 4.180779385362495
m4: 1.2113756294845883
m5: 0.23548914363575565
m6: 964.9659207966891
m7: 1.5752628583756743
m8: 1.6134118859650146

R2: 0.9999967130158982
