m1: 2476.8058536014983
m2: 1308.651206988491
m3: 2.5264789227854205
m4: 1.2216428437929816
m5: 0.22205196128061078
m6: 568.8100925910668
m7: 1.6238216387394317
m8: 1.751521446389633

R2: 0.999985764043707
