m1: 2405.888532212958
m2: 918.4965251927975
m3: 2.7316557802589405
m4: 1.175062705833368
m5: 0.21962669032293927
m6: 729.4227379257268
m7: 1.7525028804311915
m8: 1.5984906543962354

R2: 0.9999922769900464
