m1: 2445.763558820998
m2: 1522.1808966869075
m3: 2.5774622429869427
m4: 1.2195366684809335
m5: 0.29139377061556837
m6: 439.5786756260053
m7: 2.1263005919683886
m8: 1.7605033721183694

R2: 0.9999930307573661
