m1: 2333.455231591197
m2: 1032.8748022251384
m3: 2.361710916391008
m4: 1.4007470045333716
m5: 0.22400136282652225
m6: 650.2102230917895
m7: 1.3080039406209123
m8: 1.8789838563741494

R2: 0.999975463265538
