m1: 2350.298962610641
m2: 736.1261581708096
m3: 2.8964138520412877
m4: 1.1337732624420835
m5: 0.28143738214691816
m6: 797.6799640333184
m7: 1.6025369625746249
m8: 1.5749737868959302

R2: 0.999993847434357
