m1: 2387.415562675104
m2: 1104.7606683851923
m3: 2.6125945414097607
m4: 1.24444588378513
m5: 0.22922688535807553
m6: 619.7705269939872
m7: 2.038436595388649
m8: 1.7118582544875878

R2: 0.9999928678015394
