m1: 2852.471374646272
m2: 1705.127314817254
m3: 2.5224558476497485
m4: 1.3091442891871419
m5: 0.287664016186123
m6: 553.2079611030275
m7: 1.5442927299153477
m8: 2.2311567218863546

R2: 0.9999742512899932
