m1: 2414.3503311438103
m2: 1136.7386670120075
m3: 2.700221886454419
m4: 1.2161394417249234
m5: 0.29327516384606706
m6: 615.8021310181234
m7: 2.063323453516122
m8: 1.702233971786838

R2: 0.9999919014596699
