m1: 2450.412266559848
m2: 1254.1304557959386
m3: 2.5994216869011377
m4: 1.2538918485492887
m5: 0.27436033451691677
m6: 577.183012222678
m7: 1.9817406168740974
m8: 1.7617233320410415

R2: 0.9999855111463944
