m1: 2407.2190780220726
m2: 1240.6614265110215
m3: 2.617954243562577
m4: 1.1371466839568884
m5: 0.3124011100143807
m6: 562.8738485588808
m7: 2.003749681405778
m8: 1.6387853089780169

R2: 0.9999952578901854
