m1: 2345.958537532048
m2: 1110.1163039523994
m3: 2.546295128807407
m4: 1.172125281868103
m5: 0.23024026503525283
m6: 597.0176714679476
m7: 2.087717312657594
m8: 1.6479562383315196

R2: 0.9999974819913658
