m1: 2713.888242792686
m2: 1334.1331672181313
m3: 1.6041401918467466
m4: 1.8115501848738838
m5: 0.24600705850326018
m6: 679.6477876748258
m7: 0.9909779498044152
m8: 3.3056373837101325

R2: 0.9999947171725417
