m1: 2185.9334595168198
m2: 949.3317365900609
m3: 1.7996499049520682
m4: 1.7346083879532042
m5: 0.24574948685563477
m6: 609.8931554391572
m7: 1.0258143145677345
m8: 2.6087999999999996

R2: 0.9999916448689432
