m1: 2353.4411443652243
m2: 1189.615656052402
m3: 2.583008995077595
m4: 1.1998028693573262
m5: 0.19482909025368972
m6: 560.0054931498663
m7: 2.039083572393746
m8: 1.6894200526619376

R2: 0.9999968098939258
