m1: 2331.2664133003923
m2: 900.9083289540699
m3: 2.6972889513043237
m4: 1.1892408548408766
m5: 0.2606428035377782
m6: 696.3064624960685
m7: 1.8776919924847544
m8: 1.6296078370101919

R2: 0.9999868678032348
