m1: 2370.586474587285
m2: 1187.42579478589
m3: 2.553672402590395
m4: 1.1224366449278433
m5: 0.2963464418290319
m6: 570.055247875152
m7: 2.076428470988982
m8: 1.6253780083441525

R2: 0.999997302153765
