m1: 2430.324808172358
m2: 908.953526297892
m3: 2.7725926844697613
m4: 1.1511104973654014
m5: 0.24024920466279492
m6: 746.5635225201697
m7: 1.74731755022221
m8: 1.5894070909727112

R2: 0.9999919715901908
