m1: 2571.105450520101
m2: 1363.4262476380907
m3: 2.584692191684698
m4: 1.2100386775587864
m5: 0.24210707376525156
m6: 589.0047096097242
m7: 1.5246592622817292
m8: 1.8129465888182357

R2: 0.9999805816615087
