m1: 2280.126246510718
m2: 267.8000000000013
m3: 4.547127718073614
m4: 1.0912792062913692
m5: 0.20953997598368218
m6: 997.2534145263226
m7: 1.8021352922517226
m8: 1.4685441395683458

R2: 0.9999823667915468
