m1: 2327.2460406343343
m2: 407.3937131225859
m3: 3.7077115061224326
m4: 1.1284321634789827
m5: 0.20566244831055194
m6: 951.8423472229962
m7: 1.7067505690890912
m8: 1.5199727752798542

R2: 0.9999942606544698
