m1: 2299.193177014423
m2: 343.4139633745734
m3: 4.126975164803059
m4: 1.1348204812302458
m5: 0.2132374395888219
m6: 970.3973847638389
m7: 1.7207594046166435
m8: 1.5411201549539992

R2: 0.9999952285570689
