m1: 2319.038405041453
m2: 436.7152595356805
m3: 3.6971027591544505
m4: 1.159202910327439
m5: 0.21572477613692215
m6: 932.8504777411081
m7: 1.6768632664594034
m8: 1.5644279810933943

R2: 0.9999959692482121
