m1: 2445.340470768855
m2: 1391.3717253466054
m3: 2.482124920661786
m4: 1.2505048124834557
m5: 0.3066555629669678
m6: 509.26166996301305
m7: 1.7968434161090532
m8: 1.8091808617829614

R2: 0.9999879494238628
