m1: 2239.954932204163
m2: 547.7086277771363
m3: 3.029691097777215
m4: 1.2589619956166744
m5: 0.3000456108766612
m6: 832.6673861088352
m7: 1.722877710795787
m8: 1.666575285161109

R2: 0.9999972534682944
