m1: 2532.0515757661083
m2: 901.421726805384
m3: 3.0983050523772184
m4: 1.0608013226998712
m5: 0.22825139196936614
m6: 799.3118610206869
m7: 1.6168230024202486
m8: 1.6034504602728015

R2: 0.9999864830950752
