m1: 2293.98862281145
m2: 335.8240126685769
m3: 4.032556121711154
m4: 1.222613718898399
m5: 0.3714980793295886
m6: 968.3143610371257
m7: 1.758910342206833
m8: 1.6374126948886947

R2: 0.9999909127742871
