m1: 2410.9060464114377
m2: 803.4000000000001
m3: 2.8778102478882404
m4: 1.3272903694751097
m5: 0.3663101911286353
m6: 794.3771776563112
m7: 1.5406977312949788
m8: 1.7966396792860633

R2: 0.9999712937701722
