m1: 2282.3299157323204
m2: 535.600000371144
m3: 3.091088619825395
m4: 1.244513138021657
m5: 0.3561658323973904
m6: 856.2313325548334
m7: 1.8789267724650949
m8: 1.6482806746636203

R2: 0.999985535952906
