m1: 2401.621483592622
m2: 1712.1062252590646
m3: 2.431534719810922
m4: 1.1490863442720267
m5: 0.2740964436052064
m6: 326.1566506380821
m7: 2.7267434485950077
m8: 1.7250506103224312

R2: 0.9999698084206571
