m1: 2503.792221515216
m2: 1319.4437388736867
m3: 2.580198961127645
m4: 1.1090433259386236
m5: 0.2738002708288378
m6: 574.5872089922625
m7: 1.817845404943295
m8: 1.6398684660211909

R2: 0.9999801898848217
