m1: 2422.319842816093
m2: 1062.7676665970807
m3: 2.6613860007328896
m4: 1.2615309059970654
m5: 0.28680598058026746
m6: 662.180180596142
m7: 1.7592015752444288
m8: 1.766636062181686

R2: 0.9999742246666978
