m1: 2459.2964848475967
m2: 1593.3169642018397
m3: 2.3452788638903868
m4: 1.2406949185694476
m5: 0.2977224791323193
m6: 415.55915113043943
m7: 1.8045298496898272
m8: 1.8707290518910917

R2: 0.9999932528218799
