m1: 2339.0900622010263
m2: 1124.9089195771564
m3: 2.5260321695826695
m4: 1.1334371682575999
m5: 0.2988659166190678
m6: 587.0819160681702
m7: 2.0007389042009116
m8: 1.6191069109074634

R2: 0.9999966224618838
