m1: 2424.205375283862
m2: 1275.2961709668289
m3: 2.5842582813457278
m4: 1.2187188174421988
m5: 0.26593216398572994
m6: 553.3270005929842
m7: 2.075253391662924
m8: 1.7269357414320643

R2: 0.9999964963476734
