m1: 2500.6210572222694
m2: 990.5381424386276
m3: 2.811976929056598
m4: 1.0735134186160056
m5: 0.2710690462896168
m6: 738.9805570496775
m7: 1.7757752104028721
m8: 1.536166603656774

R2: 0.9999842041526248
