m1: 2587.0931828859084
m2: 1485.791696097478
m3: 2.394829450708848
m4: 1.1509681093025708
m5: 0.2571711088705973
m6: 539.0065224536878
m7: 1.7523267880405504
m8: 1.7428421695175118

R2: 0.999967452606174
