m1: 2454.4506169181027
m2: 1525.4294603609087
m3: 2.436963464839442
m4: 1.2537563582125877
m5: 0.26597599575871633
m6: 445.89475405133163
m7: 1.9185977809836923
m8: 1.8068429935734143

R2: 0.9999955363540344
