m1: 2435.922312282355
m2: 1012.0553800071042
m3: 2.7293804798773436
m4: 1.1202463885777458
m5: 0.22922605462537735
m6: 694.9204701084101
m7: 1.7901430793335777
m8: 1.5862490881308624

R2: 0.9999962558556565
