m1: 2457.715790777056
m2: 1190.5656959517141
m3: 2.623554987365029
m4: 1.1420103035087796
m5: 0.22941166850822683
m6: 616.1126055307287
m7: 1.7646834025424194
m8: 1.648890936287321

R2: 0.9999958332070344
