m1: 2453.90259192413
m2: 1498.1280193246994
m3: 2.497825971808924
m4: 1.2658662565352667
m5: 0.2961036467431041
m6: 456.3541919708764
m7: 2.04553698755126
m8: 1.8133296945698658

R2: 0.9999891577553706
