m1: 2419.929131713985
m2: 1288.575137467624
m3: 2.57015726143247
m4: 1.2311498309805946
m5: 0.2749544372746391
m6: 546.1153387795273
m7: 1.9669446857367516
m8: 1.7562950078695143

R2: 0.9999939241121578
