m1: 2177.739129061933
m2: 1062.178066303305
m3: 2.252303198235886
m4: 1.4498920287458745
m5: 0.22148043482678628
m6: 547.9325094929812
m7: 1.4779831421614331
m8: 1.9273019857766136

R2: 0.9999969300066804
