m1: 2374.0086105082587
m2: 829.0067446135346
m3: 2.8096512291997686
m4: 1.1794400468209085
m5: 0.31623535869880853
m6: 756.2253536665744
m7: 1.819258103350669
m8: 1.6148273545714091

R2: 0.999996172381764
