m1: 2375.9689252474313
m2: 488.0597437529101
m3: 3.662761771914726
m4: 1.1122615319178513
m5: 0.313970804600747
m6: 930.2438935015202
m7: 1.8003398725889637
m8: 1.555054043623292

R2: 0.9999945254168092
