m1: 2453.7883962218025
m2: 970.6187473191728
m3: 2.7816873773375366
m4: 1.1529629459954909
m5: 0.23762972175879538
m6: 726.4296305184392
m7: 1.7464503113372045
m8: 1.5926170955084642

R2: 0.9999874183376037
