m1: 2506.0845099473036
m2: 825.2301408623078
m3: 3.1784347628178735
m4: 1.1116145802896198
m5: 0.23763129737813932
m6: 826.3649982377152
m7: 1.6792812565134516
m8: 1.6055457231645598

R2: 0.9999691448311031
