m1: 2351.7334376768686
m2: 493.46802558683635
m3: 3.2260184539723182
m4: 1.1207729409932545
m5: 0.2921496878746959
m6: 910.5831043583293
m7: 1.9920013086324873
m8: 1.5447315865896554

R2: 0.9999911492065584
