m1: 2386.509891846206
m2: 943.3177179340041
m3: 2.738553498572582
m4: 1.2030878582174434
m5: 0.29271306135987574
m6: 702.2652480751752
m7: 1.9338551140232263
m8: 1.6479020727811007

R2: 0.9999948226974584
