m1: 2411.4839555945764
m2: 584.0545853052491
m3: 3.1955392375190006
m4: 1.1675514272543583
m5: 0.23903124897151964
m6: 896.1004179091134
m7: 1.928164374342163
m8: 1.575563357703305

R2: 0.9999849101766501
