m1: 2456.7532610569433
m2: 882.9932120953631
m3: 2.872668975811748
m4: 1.2285926796893398
m5: 0.23692878577428156
m6: 770.3103871703543
m7: 1.8049191627561192
m8: 1.6498952972355112

R2: 0.9999902783695981
