m1: 2231.7660860623014
m2: 538.7143039533565
m3: 3.01728542121033
m4: 1.2194973298944742
m5: 0.31779588517749796
m6: 832.9577653287905
m7: 1.7307613416137118
m8: 1.6298052119773776

R2: 0.9999971680568386
