m1: 2158.462145890168
m2: 1299.108369502292
m3: 1.7970474191258254
m4: 1.6306390984501962
m5: 0.35569974893097417
m6: 413.34743186166577
m7: 1.5159385895359438
m8: 2.4205252640822934

R2: 0.9999987608370766
