m1: 2401.272908374359
m2: 1143.1468711335442
m3: 2.610123188351248
m4: 1.240705732666499
m5: 0.2957907244836025
m6: 610.1563925017625
m7: 1.8820358220671531
m8: 1.7165802786151765

R2: 0.999995599499333
