m1: 2401.2713627466883
m2: 1143.1063452402025
m3: 2.6101473231814976
m4: 1.2407008951452079
m5: 0.2957906986249492
m6: 610.175964435487
m7: 1.8820294853142097
m8: 1.7165680889472907

R2: 0.9999955994566254
