m1: 2401.271193567675
m2: 1143.1782251737375
m3: 2.6101021339230863
m4: 1.2407083182122718
m5: 0.2957908792435668
m6: 610.1396889725892
m7: 1.882053138935309
m8: 1.7165884830548317

R2: 0.9999955994924482
