m1: 2337.801314609177
m2: 571.5531726204463
m3: 2.9775779763496524
m4: 1.1430880830994337
m5: 0.29599427897927727
m6: 864.3163578324788
m7: 2.0158752224265726
m8: 1.561535360040674

R2: 0.9999885189071898
