m1: 2428.7269159345383
m2: 1271.3724883700086
m3: 2.6406642849688042
m4: 1.1907866415418698
m5: 0.29397497854050453
m6: 557.8476382810753
m7: 2.0569568700930456
m8: 1.6891053449416236

R2: 0.9999938749364982
