m1: 2383.6668512059264
m2: 1161.2283492798197
m3: 2.5965873664872428
m4: 1.0843472284492655
m5: 0.2685701846539065
m6: 589.3330097926319
m7: 2.0836700815019102
m8: 1.5872337046343041

R2: 0.9999817162920906
