m1: 2426.3912833704417
m2: 1286.5436227173786
m3: 2.61778035931259
m4: 1.175284240344593
m5: 0.25762273085162585
m6: 549.2031618252505
m7: 1.9765963960168946
m8: 1.693843781061942

R2: 0.999986433956766
