m1: 2407.5622047440415
m2: 1114.7124018365002
m3: 2.6072624109449074
m4: 1.123207231771979
m5: 0.30214047650483433
m6: 628.9968502377143
m7: 1.8802328137853823
m8: 1.5761432232417545

R2: 0.999996002232128
