m1: 2410.2798868186355
m2: 1095.8773036855282
m3: 2.6224623539474967
m4: 1.1212255747180915
m5: 0.3021436617215558
m6: 639.8459913326478
m7: 1.871860686568747
m8: 1.5725221628276365

R2: 0.9999959822665635
