m1: 2419.035109285196
m2: 1310.1542814935788
m3: 2.4819108277385484
m4: 1.2546582956639825
m5: 0.2742286737695236
m6: 535.8539720709089
m7: 1.9289500290516588
m8: 1.770668091022797

R2: 0.9999943338603734
