m1: 2330.275516828567
m2: 707.5178046407052
m3: 2.8744736209718855
m4: 1.1388472473265037
m5: 0.38366369085325475
m6: 797.9393872690322
m7: 1.6895070601765427
m8: 1.612879607278762

R2: 0.9999678368014989
