m1: 2425.8639127866522
m2: 1391.8471733125834
m3: 2.5749696494923104
m4: 1.1995003304077132
m5: 0.16551468645687192
m6: 495.432251967927
m7: 2.2249752553466102
m8: 1.738423342066022

R2: 0.9999611949039482
