m1: 2482.227389450037
m2: 1174.3502551469971
m3: 2.730603534650077
m4: 1.191822975656964
m5: 0.1626306641415847
m6: 635.1120492064517
m7: 1.7897147725303297
m8: 1.6940350645903646

R2: 0.9999821367692503
