m1: 2366.0791585804322
m2: 808.3495891092233
m3: 2.6851185235155337
m4: 1.2654825948715303
m5: 0.32154802108836944
m6: 766.633767092698
m7: 1.6199010951996269
m8: 1.7072346768341005

R2: 0.9999844124529749
