m1: 2313.4024612733647
m2: 768.2020117539635
m3: 2.829011212871292
m4: 1.203448374179158
m5: 0.37270503588814075
m6: 755.3332570676855
m7: 1.8258448598144592
m8: 1.617275370151234

R2: 0.999986943353727
