m1: 2243.8714196564624
m2: 702.152493684793
m3: 2.6697718635173415
m4: 1.2758153464928939
m5: 0.36592333322379095
m6: 769.6092216121402
m7: 1.4345308288424814
m8: 1.7327843928007312

R2: 0.9999629818306458
