m1: 2326.847006315782
m2: 816.8610453761155
m3: 2.8122973648989547
m4: 1.1627545205576253
m5: 0.2022605335820872
m6: 737.8984338634913
m7: 1.7735723816542488
m8: 1.6012935650393056

R2: 0.9999953686735983
