m1: 2308.606036027741
m2: 402.15412044122564
m3: 3.4319583369938105
m4: 1.2046122051788593
m5: 0.31077177661855965
m6: 942.6323980836697
m7: 1.769341389426754
m8: 1.5728955240007103

R2: 0.9999891744833715
