m1: 2309.650582719576
m2: 676.1071263617422
m3: 2.6124046910274026
m4: 1.2873573176600026
m5: 0.3055523725979195
m6: 806.0905170107408
m7: 1.7676329234083543
m8: 1.6047954163046694

R2: 0.9999760520963027
