m1: 2330.0653615835363
m2: 1119.384193479128
m3: 2.6108623650291274
m4: 1.2352997681912696
m5: 0.2865149314441756
m6: 582.7177504764775
m7: 2.119489842879273
m8: 1.697178808495497

R2: 0.9999951956544972
