m1: 2475.9346413396856
m2: 1169.2715210839513
m3: 2.741019871336281
m4: 1.13277055068767
m5: 0.20901933621488916
m6: 634.0541853470045
m7: 1.8390561910543677
m8: 1.6191386281559896

R2: 0.9999916122689365
