m1: 2471.575522814401
m2: 1404.0694123226483
m3: 2.5903998506514334
m4: 1.154807273860001
m5: 0.20870652075045115
m6: 513.8670306678072
m7: 1.9384634435400905
m8: 1.6999420871849173

R2: 0.9999884784034998
