m1: 2186.6142599110763
m2: 535.6000000127373
m3: 2.7905702970071298
m4: 1.1729359773674477
m5: 0.28142011986016385
m6: 818.9917145416263
m7: 1.5428359212346263
m8: 1.6298940035152858

R2: 0.9999811566145927
