m1: 2378.3895325086437
m2: 1225.8611290466117
m3: 2.555493614093983
m4: 1.2015522693177487
m5: 0.2167640016972736
m6: 553.9163728213343
m7: 2.1286180877169874
m8: 1.6708683686785417

R2: 0.999991368266831
