m1: 2423.4396219767627
m2: 969.8950179857447
m3: 2.7970007063336317
m4: 1.192494846453141
m5: 0.2649066834091157
m6: 706.0569214785834
m7: 1.955829926993798
m8: 1.6618546396194762

R2: 0.9999947516372379
