m1: 2424.2190587368173
m2: 1007.3707724373024
m3: 2.7699116048794528
m4: 1.1968749999428527
m5: 0.26497345820377055
m6: 687.5768055526047
m7: 1.9645597030620674
m8: 1.6718240169721341

R2: 0.9999947850429657
