m1: 2267.2183410253015
m2: 731.6556012932423
m3: 2.603192552575491
m4: 1.301362635058212
m5: 0.2807091846389423
m6: 768.261990503926
m7: 1.467213930774233
m8: 1.6831902009603308

R2: 0.9999926333895343
