m1: 2258.0751909525156
m2: 1251.8749772880747
m3: 2.138216210169775
m4: 1.4883467097610497
m5: 0.28621921077635665
m6: 495.51955319795286
m7: 1.4686319630118423
m8: 2.0745713738888343

R2: 0.9999917306770093
