m1: 2388.93148171727
m2: 522.775555399834
m3: 2.2146651749915263
m4: 1.5517115923789815
m5: 0.2648628143518454
m6: 922.7628793858996
m7: 1.101080851299447
m8: 2.4879365021624995

R2: 0.9998539298991507
