m1: 2256.677777853785
m2: 1110.8894324038308
m3: 2.2196814597527115
m4: 1.4804148432900703
m5: 0.2801692095235523
m6: 566.6073498278116
m7: 1.4328110804159346
m8: 2.0199994227044504

R2: 0.9999916061158001
