m1: 2288.493212003692
m2: 1117.8844361986232
m3: 2.2510374033547578
m4: 1.4768162064397432
m5: 0.28243807526971926
m6: 579.0565133937858
m7: 1.3904761586854504
m8: 2.0505079794626053

R2: 0.9999909721525873
