m1: 2258.074018509254
m2: 1251.8520444579456
m3: 2.138227707499319
m4: 1.4883440946788329
m5: 0.28621910295929576
m6: 495.53052562088544
m7: 1.4686281872834197
m8: 2.074560284758012

R2: 0.9999917306781142
