m1: 2327.643510263082
m2: 1378.4033748036757
m3: 2.399726327263822
m4: 1.3376993866125322
m5: 0.519594217908229
m6: 455.62430514214464
m7: 1.9921272215499743
m8: 1.8865964463657163

R2: 0.9999979639175834
