m1: 2416.769152051875
m2: 1068.6325836841079
m3: 2.7593228137644656
m4: 1.1399880830242868
m5: 0.25719628570740616
m6: 653.0729131836181
m7: 2.0092401418516617
m8: 1.6178401079860154

R2: 0.9999807165828143
