m1: 2438.0843989228365
m2: 1398.5088242061895
m3: 2.569578798130252
m4: 1.2055694548988052
m5: 0.25999189418599766
m6: 498.0059165960658
m7: 2.083041445220354
m8: 1.7071096130568197

R2: 0.9999970707838549
