m1: 2412.094428023694
m2: 1047.9847273015005
m3: 2.715122912239525
m4: 1.1532592998112206
m5: 0.23722943086136056
m6: 664.8604048111509
m7: 1.8358024441390368
m8: 1.582935633018641

R2: 0.999988801176775
