m1: 2442.726035329115
m2: 1131.8141731490532
m3: 2.655349664165859
m4: 1.1650107755085155
m5: 0.23704994027368834
m6: 638.3567975072025
m7: 1.8091817987663255
m8: 1.6173430674098541

R2: 0.9999933153253061
