m1: 2373.2925948252005
m2: 1055.722566541175
m3: 2.612372111510182
m4: 1.1508714681674983
m5: 0.37951694802225205
m6: 640.3415971012744
m7: 1.8516413400597165
m8: 1.6516209385248466

R2: 0.9999613269773804
