m1: 2401.160917134742
m2: 821.9850735619478
m3: 2.881401125388276
m4: 1.2920937436337818
m5: 0.28005831687705274
m6: 778.0208760310012
m7: 1.602912812670054
m8: 1.7423342375013726

R2: 0.9999814048180136
