m1: 2290.4848577254656
m2: 858.4943171279689
m3: 2.5576221772698973
m4: 1.357565929575091
m5: 0.3520805270260677
m6: 715.2766420187301
m7: 1.3876045379483777
m8: 1.8193466207247537

R2: 0.9999927003956656
