m1: 2147.658961844645
m2: 535.6000000005322
m3: 2.908036484195171
m4: 1.249780857678223
m5: 0.21759015998151368
m6: 798.4936688762344
m7: 1.573866289016577
m8: 1.6608088903039004

R2: 0.9999857118830584
