m1: 2273.90527270358
m2: 641.9465387617266
m3: 2.7344692991283477
m4: 1.3585640393604066
m5: 0.23156711597096535
m6: 815.2694341748933
m7: 1.4546666265563126
m8: 1.776343076800431

R2: 0.999968765632045
