m1: 2190.4554565829935
m2: 267.8000000000001
m3: 4.139089651927726
m4: 1.2354371590660562
m5: 0.19235436725075908
m6: 962.5767651388668
m7: 1.600959592871509
m8: 1.6199301105742994

R2: 0.9999959385736401
