m1: 2201.245727028644
m2: 404.1263444552707
m3: 3.159197202945394
m4: 1.2718848472893225
m5: 0.19368151828567184
m6: 899.2276355552947
m7: 1.5655093880776336
m8: 1.6470571948147636

R2: 0.9999963929292266
