m1: 2217.0055340808804
m2: 535.6000000000001
m3: 2.842238588113245
m4: 1.3009831222218287
m5: 0.19450340643468417
m6: 841.3668154350993
m7: 1.5199193955402808
m8: 1.677134214794959

R2: 0.9999966351967203
