m1: 2354.995563609648
m2: 1087.5528715283476
m3: 2.7312093344232773
m4: 1.208996266523782
m5: 0.2885336092993151
m6: 608.2488628092682
m7: 2.239412296155122
m8: 1.689259310026086

R2: 0.9999960299847958
