m1: 2395.789675094473
m2: 1355.8813883966243
m3: 2.552642079053558
m4: 1.2229198417699916
m5: 0.260475006352192
m6: 499.4463691779559
m7: 2.103464135253653
m8: 1.7423158759182351

R2: 0.9999959915307368
