m1: 4409.964277711436
m2: 1471.5172065296092
m3: 1.5725060795300565
m4: 1.8429539220158846
m5: 0.28916590108498824
m6: 1457.400323694294
m7: 1.1865652413468772
m8: 3.8019148100387867

R2: 0.9999871326294374
