m1: 2228.1157679755556
m2: 914.4154181795857
m3: 1.8412093008803865
m4: 1.7304755040900233
m5: 0.28776652607587844
m6: 647.73347990692
m7: 1.044759044115344
m8: 2.6087999999999942

R2: 0.9999764305853831
