m1: 2405.285284680532
m2: 1393.6684168199001
m3: 2.5097981248405916
m4: 1.2128146628781762
m5: 0.2631308021868257
m6: 486.5877763688563
m7: 2.0234524236546294
m8: 1.746856675700453

R2: 0.9999922213726756
