m1: 2462.1557540897015
m2: 1563.5899234128808
m3: 2.4024506876115757
m4: 1.2914571786120865
m5: 0.29954860504324204
m6: 430.0513866124731
m7: 2.0271482596273582
m8: 1.8660509298622108

R2: 0.9999917746426005
