m1: 2402.4005185933715
m2: 1024.5107143414318
m3: 2.6278380397952863
m4: 1.2564856444724013
m5: 0.3761692792350707
m6: 677.237822269745
m7: 1.5378492411053486
m8: 1.7559252018741758

R2: 0.9999943427415059
