m1: 2329.053001407108
m2: 1107.8926647944227
m3: 2.614321205475005
m4: 1.234962595649865
m5: 0.2883468314632291
m6: 588.4439149042604
m7: 2.09551841510465
m8: 1.7058287893062638

R2: 0.9999958658415025
