m1: 2914.877600591083
m2: 1379.7503550842578
m3: 1.5750265041415803
m4: 1.8004895982388995
m5: 0.2808342931533273
m6: 756.294178481396
m7: 1.0964476710181035
m8: 3.378897882244385

R2: 0.999993277254312
