m1: 3032.3908655158216
m2: 1374.4393894514387
m3: 1.5762958180310467
m4: 1.8018914238984889
m5: 0.2798478366989305
m6: 817.9882392369436
m7: 1.0612367898834016
m8: 3.4370809758048497

R2: 0.9999934715406429
