m1: 2914.4709208476584
m2: 1379.6860294231772
m3: 1.5750620061469673
m4: 1.800466627921042
m5: 0.2808390721045149
m6: 756.1217685959979
m7: 1.0964407659217712
m8: 3.378664003396572

R2: 0.9999932764860039
