m1: 2153.886524769113
m2: 801.8300417976883
m3: 1.878358884003883
m4: 1.682165246215804
m5: 0.2787767002366419
m6: 667.8265950405297
m7: 1.0626022409953926
m8: 2.487936502162499

R2: 0.9999862921447824
