m1: 2215.8741726169947
m2: 929.3755092148701
m3: 1.7902970074299975
m4: 1.7091322308270014
m5: 0.2796807371060915
m6: 634.3760686651177
m7: 1.0369261877052192
m8: 2.6087999999999996

R2: 0.9999879279881704
