m1: 2442.788119380838
m2: 1017.4749301670925
m3: 2.769286264930146
m4: 1.1622716196090326
m5: 0.3677534185712726
m6: 692.8357155763837
m7: 1.942631271310318
m8: 1.617925747218982

R2: 0.9999906574264068
