m1: 2357.649758455783
m2: 1192.4100786291572
m3: 2.6104627537030405
m4: 1.247164030309311
m5: 0.2139535268058231
m6: 560.0668460044764
m7: 2.0730191717175765
m8: 1.7359039056946886

R2: 0.9999959310803984
