m1: 2190.9560843130794
m2: 508.66142409523
m3: 2.7772816827779665
m4: 1.3177990436840175
m5: 0.31017508105549124
m6: 840.076006934537
m7: 1.56409065299996
m8: 1.674186582127703

R2: 0.9999937433601657
