m1: 2239.8950053477583
m2: 874.1063421633683
m3: 2.4177731489287186
m4: 1.3738261752078524
m5: 0.3101191627077843
m6: 682.4535562732048
m7: 1.4206010270188427
m8: 1.7785150821794502

R2: 0.9999956715523375
