m1: 2389.8952025748986
m2: 600.5729042844463
m3: 3.289009518909576
m4: 1.1039336616432551
m5: 0.3574185053651504
m6: 871.5609979604992
m7: 2.1630736357786593
m8: 1.6231672981380199

R2: 0.9999646893874877
