m1: 2421.5569049623414
m2: 1201.186792084411
m3: 2.6428587508841344
m4: 1.2712725647618686
m5: 0.35268491876638397
m6: 589.3711865817511
m7: 1.9820462417534854
m8: 1.7501705830686833

R2: 0.9999920730775147
