m1: 2357.139050390314
m2: 1153.7235231257482
m3: 2.542419391420436
m4: 1.1037132915296737
m5: 0.2313310142230136
m6: 582.4826276826421
m7: 1.910932439838372
m8: 1.5791528347016577

R2: 0.9999962831805154
