m1: 2391.957856098786
m2: 1311.3251977994887
m3: 2.768456584254804
m4: 1.132569248722394
m5: 0.265237286853851
m6: 516.0191227377491
m7: 2.787790304077291
m8: 1.7222269492369449

R2: 0.999973987227095
