m1: 2450.1944571573017
m2: 1073.649492448097
m3: 2.7493659821175513
m4: 1.1660866445138243
m5: 0.25885479707520687
m6: 669.0217827864803
m7: 1.8585339868162554
m8: 1.6400159769509428

R2: 0.999992020805939
