m1: 2395.314700040732
m2: 1215.0468362357249
m3: 2.4885585696190655
m4: 1.1827351719021213
m5: 0.29539295580400743
m6: 572.1818737400932
m7: 1.897873709294505
m8: 1.6831451872342755

R2: 0.9999943902094895
