m1: 2337.6357135192916
m2: 684.1870120332425
m3: 2.922639929694254
m4: 1.156314356012278
m5: 0.2713002578708242
m6: 811.7144288015202
m7: 1.8315520603712996
m8: 1.568129439133946

R2: 0.9999901415389805
