m1: 2296.6707459405625
m2: 342.0914078650911
m3: 3.43466854364204
m4: 1.0527677867674994
m5: 0.2744648615546476
m6: 960.7303447788139
m7: 1.9810117593208634
m8: 1.48933226095919

R2: 0.9999826819955298
