m1: 2381.005494132361
m2: 1335.7355460600488
m3: 2.5642966120087984
m4: 1.2037052406079767
m5: 0.2700254571787041
m6: 500.77450703586607
m7: 2.107829569575738
m8: 1.7228252459593947

R2: 0.9999858163967665
