m1: 2356.5706091499596
m2: 498.7246522800008
m3: 3.0599869094298664
m4: 1.098980175314064
m5: 0.2660487868893207
m6: 908.8718121523262
m7: 2.092018780455151
m8: 1.5389773040531787

R2: 0.9999843012946199
