m1: 2420.5666327930776
m2: 997.4373929936064
m3: 2.689048373059073
m4: 1.20920555575763
m5: 0.26468929822294246
m6: 692.2525397296415
m7: 1.9339350413502778
m8: 1.6637569681093052

R2: 0.9999932827702684
