m1: 2326.2102884785545
m2: 1378.6797088107455
m3: 2.3998464904842867
m4: 1.3374147018062008
m5: 0.5195635235392054
m6: 454.76414678465335
m7: 1.9995898873233835
m8: 1.885993912768267

R2: 0.9999979494949914
