m1: 2369.1301754184456
m2: 1149.2942112656451
m3: 2.571256478248518
m4: 1.1411544823999218
m5: 0.2571999542973668
m6: 590.1525476792417
m7: 1.910121404047542
m8: 1.6169345157361281

R2: 0.9999870362644457
