m1: 2264.949654254207
m2: 720.278989802626
m3: 2.633158477248021
m4: 1.4222428933471598
m5: 0.24980854350231077
m6: 770.175096282068
m7: 1.4700898217368024
m8: 1.8093768502060261

R2: 0.9999926495893687
