m1: 2233.904726567046
m2: 280.33994625985736
m3: 4.159456854228305
m4: 1.1961052305990798
m5: 0.2280524939762213
m6: 979.6014551740512
m7: 1.6001272713800254
m8: 1.5834601879406807

R2: 0.9999937386865669
