m1: 2212.0811340434266
m2: 267.80000000000047
m3: 3.709290403725554
m4: 1.1800908444480525
m5: 0.23308490516360286
m6: 972.687593618939
m7: 1.6474187953102202
m8: 1.5663205781702667

R2: 0.9999944700202644
