m1: 2426.390467843214
m2: 1145.0584217807693
m3: 2.614061300529493
m4: 1.1920957880210936
m5: 0.31046767181107515
m6: 620.0889263690942
m7: 2.0079780607058453
m8: 1.6702334859825423

R2: 0.9999862384950895
