m1: 2371.2564872958537
m2: 1218.2058479163559
m3: 2.6173741926365084
m4: 1.1866419399847898
m5: 0.2548050624404349
m6: 553.5147287269368
m7: 2.122428529528751
m8: 1.6839170972286481

R2: 0.9999905332049792
