m1: 2368.410050986183
m2: 762.2108102659801
m3: 2.8300223417716435
m4: 1.1396121984013452
m5: 0.2100438571344603
m6: 785.0238759145268
m7: 1.8630357480587645
m8: 1.5765068892945975

R2: 0.9999899026917398
