m1: 2444.2351135324593
m2: 1354.0335998022867
m3: 2.5069928130464345
m4: 1.2447012743237211
m5: 0.30551020975708565
m6: 524.4735003072211
m7: 1.9707441468157332
m8: 1.765578859824828

R2: 0.9999903204233426
