m1: 2383.1589898876
m2: 1169.000655587923
m3: 2.507209146996733
m4: 1.1965306320266478
m5: 0.18861595203806705
m6: 588.9478563973727
m7: 1.8104864040230082
m8: 1.6719955483132554

R2: 0.9999972235197097
