m1: 2431.532368538666
m2: 1070.6456381757296
m3: 2.606980354464456
m4: 1.2625437363895466
m5: 0.3107032297983474
m6: 669.114174092174
m7: 1.532338989002686
m8: 1.7693447809528908

R2: 0.999992245485285
