m1: 2391.8189623969893
m2: 1054.3704360970437
m3: 2.652087961679529
m4: 1.2124796777477813
m5: 0.25231141740416685
m6: 650.3528783951036
m7: 1.8822002302927325
m8: 1.6452909301498964

R2: 0.9999568931345753
