m1: 2432.9094748368097
m2: 814.4023487666103
m3: 2.88485893320646
m4: 1.1864888844868533
m5: 0.24992406072621826
m6: 792.8655152714358
m7: 1.8231946344404335
m8: 1.608654384298513

R2: 0.9999922159757577
