m1: 2444.8579422510256
m2: 1151.9602574706337
m3: 2.669498927314814
m4: 1.1585218022741
m5: 0.24125043301542573
m6: 627.7346648642715
m7: 1.8418355769448778
m8: 1.6355960773385547

R2: 0.9999955163523987
