m1: 2469.0898281917703
m2: 1321.9315407436645
m3: 2.583831187192956
m4: 1.1793500902548975
m5: 0.24117469259881363
m6: 554.7038179524753
m7: 1.8200588758986154
m8: 1.7036357923177072

R2: 0.9999953780363195
