m1: 2427.3129979161677
m2: 731.585197754025
m3: 3.159003963267054
m4: 1.1627923245944274
m5: 0.1690611020082355
m6: 834.0868035251394
m7: 1.727149912948488
m8: 1.6045901332631116

R2: 0.9999830676014817
