m1: 2353.1610103783923
m2: 437.07273009247865
m3: 3.722578496727043
m4: 1.0916875253333689
m5: 0.17073883666030137
m6: 942.9985567089578
m7: 1.8804417049162996
m8: 1.519223996743266

R2: 0.9999525267177907
