m1: 2326.5361096414945
m2: 1378.4581178161664
m3: 2.3998934499465747
m4: 1.3374467138031478
m5: 0.5195731192802462
m6: 455.0382821648187
m7: 1.9978663083786596
m8: 1.8860787718790573

R2: 0.9999979527389743
