m1: 2351.540065837529
m2: 1051.1520823874814
m3: 2.6088796436317367
m4: 1.1476741279729215
m5: 0.258661522650897
m6: 631.6326228913458
m7: 1.8297768948835231
m8: 1.60258547606111

R2: 0.9999902714726652
