m1: 2466.1465064591134
m2: 1338.3055489349103
m3: 2.5330400811561953
m4: 1.2542341761775795
m5: 0.29088188842544943
m6: 544.937212752236
m7: 1.8887580828861787
m8: 1.7469620118608016

R2: 0.9999851305538408
