m1: 3682.0324930190386
m2: 2007.486334555764
m3: 2.3738403480078465
m4: 1.3358048597784384
m5: 0.2914911577434724
m6: 817.382094867519
m7: 2.6939064243568684
m8: 2.4899210052851677

R2: 0.9999513682724075
