m1: 2413.100383782191
m2: 1049.0363933762496
m3: 2.7076630011739162
m4: 1.2197765967424137
m5: 0.2196669632934778
m6: 662.6896166810807
m7: 1.889600297194448
m8: 1.6909590709948328

R2: 0.9999958100917843
