m1: 2414.535806085558
m2: 1010.0423427627626
m3: 2.7519252073038882
m4: 1.2140508978433358
m5: 0.2202987262022953
m6: 682.7710999695114
m7: 1.877242210919101
m8: 1.6820415867517478

R2: 0.9999957628951416
