m1: 2382.370988337265
m2: 1249.6205836192507
m3: 2.5504125429788247
m4: 1.2251600553506983
m5: 0.261961664500171
m6: 547.2184167293282
m7: 1.9925305613833082
m8: 1.7232874241899871

R2: 0.999993968611056
