m1: 2502.4636565791584
m2: 1096.2494183751862
m3: 2.7450933979041334
m4: 1.151253930385212
m5: 0.20814175345714817
m6: 685.0399994385211
m7: 1.8224511176553297
m8: 1.6100079763788577

R2: 0.9999932224352629
