m1: 2727.781883990254
m2: 1644.371122991764
m3: 2.4844273657863782
m4: 1.2194779925587202
m5: 0.20702151720899029
m6: 524.0053516646944
m7: 1.6091258570488718
m8: 1.9566224503742125

R2: 0.999979087517115
