m1: 2450.002942481185
m2: 1445.433053282581
m3: 2.5289803629541687
m4: 1.1414346570337095
m5: 0.2925748236875666
m6: 481.53409731704284
m7: 2.0293701802237734
m8: 1.6774194445140103

R2: 0.9999841022019512
