m1: 2424.4338017013674
m2: 1421.7506756415796
m3: 2.4466223750568012
m4: 1.3045772952048562
m5: 0.26534805599858685
m6: 482.54453801051665
m7: 1.9186127814482405
m8: 1.8320283201428238

R2: 0.9999955426195702
