m1: 2415.555994222725
m2: 1241.159768693622
m3: 2.599503332820758
m4: 1.14840762770455
m5: 0.28259531231529533
m6: 566.036057883079
m7: 2.071803619798882
m8: 1.6318371403230696

R2: 0.999997684741191
