m1: 2350.636711762247
m2: 936.0849773547774
m3: 2.69542045185595
m4: 1.1611401894192852
m5: 0.1998007663890614
m6: 688.5616449652796
m7: 1.837896830624795
m8: 1.6110639096512926

R2: 0.99999450093845
