m1: 2423.581769795328
m2: 1418.1780159883883
m3: 2.5677857358737115
m4: 1.128856527690323
m5: 0.2654310810255547
m6: 481.27040285193436
m7: 2.0445488188986762
m8: 1.6570666687701987

R2: 0.9999952148308244
