m1: 2350.007727302639
m2: 737.6747737978116
m3: 2.859005497526601
m4: 1.1925388971397848
m5: 0.2722028307489525
m6: 794.5287222866702
m7: 1.6409766171229085
m8: 1.6394890265370123

R2: 0.9999764255144418
