m1: 2538.6103751184346
m2: 1109.4513227078894
m3: 2.8479118880290795
m4: 1.1494284710331237
m5: 0.23572999013940008
m6: 698.07834916597
m7: 1.6665296905454972
m8: 1.6623080810658157

R2: 0.9999907723738468
