m1: 2456.3764153866928
m2: 1151.0898441906706
m3: 2.670834239854501
m4: 1.1528940664945362
m5: 0.23619984743378414
m6: 634.2841981535324
m7: 1.8595946863154722
m8: 1.6207160596457186

R2: 0.9999947745857558
