m1: 2443.1267097407163
m2: 1060.3186377892773
m3: 2.6810623814661914
m4: 1.212262301984358
m5: 0.26195203258182337
m6: 671.3987608653108
m7: 1.9333894995728744
m8: 1.6873274780956657

R2: 0.9999955290475696
