m1: 2404.5131131514463
m2: 728.0408676363214
m3: 2.9093101526834455
m4: 1.160861525247234
m5: 0.26185938268224607
m6: 818.5370082114769
m7: 1.9790026274617845
m8: 1.594879821998965

R2: 0.9999929913412544
