m1: 2416.856498052825
m2: 976.8959443297389
m3: 2.7614203056152165
m4: 1.1762024933593045
m5: 0.20157284995925645
m6: 702.739643246966
m7: 1.794433267094166
m8: 1.6244185385894219

R2: 0.9999950556633707
