m1: 2416.8562077959064
m2: 976.8842491936537
m3: 2.761431541647421
m4: 1.1762012257460612
m5: 0.20157280588214244
m6: 702.7454151363736
m7: 1.7944319778382685
m8: 1.6244155620993084

R2: 0.9999950556611614
