m1: 2416.856156628972
m2: 976.8830142757705
m3: 2.7614327001205625
m4: 1.1762010796787121
m5: 0.20157280348918882
m6: 702.7460126181346
m7: 1.7944319255351942
m8: 1.6244152390924094

R2: 0.9999950556607723
