m1: 2416.8562067127004
m2: 976.8841147161694
m3: 2.7614316735156756
m4: 1.1762012120408643
m5: 0.2015728056166827
m6: 702.7454826856333
m7: 1.7944319564480802
m8: 1.6244155280531944

R2: 0.9999950556611531
