m1: 2406.913553071723
m2: 981.1079523451446
m3: 2.739903549286322
m4: 1.1711251815212742
m5: 0.2020906593499263
m6: 694.9530673333206
m7: 1.841607970563322
m8: 1.621864388533237

R2: 0.9999948510286599
