m1: 2227.4034399302654
m2: 340.7927753452933
m3: 4.010294654712426
m4: 1.2021786056692487
m5: 0.19765909883038124
m6: 946.5751347971078
m7: 1.5424024881738627
m8: 1.6033369442517937

R2: 0.9999955836408536
