m1: 2230.993126120554
m2: 461.0291067568042
m3: 3.21226103774782
m4: 1.2394982170870283
m5: 0.19711412621506277
m6: 887.9484469236953
m7: 1.5100570116254386
m8: 1.6259815733380991

R2: 0.999996361000856
