m1: 2441.218101631289
m2: 500.25369715778106
m3: 3.4969590364252623
m4: 1.0294313158324029
m5: 0.23194237113640556
m6: 953.3629353902284
m7: 1.9289407144547819
m8: 1.4816354566262633

R2: 0.999976970040644
