m1: 2457.078035994445
m2: 839.7839239332877
m3: 2.922458218642506
m4: 1.1136957595241803
m5: 0.23126224159479247
m6: 791.7952978558662
m7: 1.8385511784693898
m8: 1.5453764010486477

R2: 0.9999914775207537
