m1: 2345.0304739710086
m2: 1194.1667295493976
m3: 2.5356864311750997
m4: 1.2325401806447362
m5: 0.2848654362192336
m6: 553.2607704569876
m7: 2.255080699624027
m8: 1.708480458518447

R2: 0.9999929880610438
