m1: 2340.7318787422496
m2: 757.7918850361733
m3: 2.762465095359184
m4: 1.219442880668516
m5: 0.24917167386684783
m6: 773.3500387089136
m7: 1.8606332264441265
m8: 1.6726355348630577

R2: 0.9999974454938682
