m1: 2421.1104797388384
m2: 1410.3963080568033
m3: 2.487819989504126
m4: 1.2089505442848592
m5: 0.21973895849935304
m6: 486.1277524684692
m7: 1.9826078697528757
m8: 1.722112629643674

R2: 0.9999962461348738
