m1: 2425.4403184486173
m2: 1336.275869838013
m3: 2.492984483214085
m4: 1.2257624705783812
m5: 0.2699928265761987
m6: 526.6992383461819
m7: 1.8341402956306867
m8: 1.7660240986391826

R2: 0.9999921660198227
