m1: 2430.2148287314913
m2: 1348.2426487576538
m3: 2.5884233809524373
m4: 1.2074155135528382
m5: 0.35462214492426
m6: 520.0301722237117
m7: 2.0182577181452066
m8: 1.7270441510635917

R2: 0.9999945613042254
