m1: 2460.1428837349226
m2: 1109.5287370522021
m3: 2.6810138671197885
m4: 1.2101597981447065
m5: 0.20297329477858994
m6: 660.2089449307758
m7: 1.648704145674207
m8: 1.7048274042729716

R2: 0.9999963666332984
