m1: 2449.0748415438457
m2: 1084.8330493434355
m3: 2.6854595193061805
m4: 1.207153603827664
m5: 0.20301193563767977
m6: 666.918906090396
m7: 1.6690570255314239
m8: 1.6906568640138138

R2: 0.9999964164658381
