m1: 2398.2267746340804
m2: 1348.039649970976
m3: 2.547100882568893
m4: 1.156845844931712
m5: 0.3156767614662925
m6: 504.8627861202052
m7: 2.057353224016741
m8: 1.6880395038298281

R2: 0.9999950007692799
